# Impact Craters on Rhea
# Longitude(W) Latitude(N) Diameter(km) Name
184.07	14.47	449.82	Mamaldi
154.08	36.30	400.42	Tirawa
280.62	-7.92	257.61	Powehiwehi
302.64	-50.22	244.95	Izanagi
0.12	-8.07	156.40	
65.62	12.84	156.14	
58.79	53.05	148.68	Ormazd
73.26	31.21	148.27	
258.17	-53.26	140.36	
24.52	9.46	125.10	Nzame
270.10	49.18	119.34	Wakonda
43.91	10.89	119.18	
129.39	-7.25	119.10	Nishanu
80.76	42.91	115.47	
49.84	61.26	111.58	Bumba
88.22	70.89	111.51	Ellyay
28.56	54.48	110.84	
352.07	-24.40	109.93	Qat
45.43	-31.62	109.00	Djuli
222.57	-16.49	105.21	
92.03	-46.90	104.75	Samni
180.42	-66.51	99.38	
350.55	1.46	98.07	Xamba
74.36	-16.72	97.43	Dohitt
150.37	18.90	96.98	Vatea
359.13	-11.58	96.08	Kiho
168.31	-18.35	94.78	Purusa
114.74	-21.51	94.03	
175.21	-52.63	93.72	Ehecatl
146.99	-19.22	93.69	Abassi
98.77	-9.92	93.39	
92.87	0.15	92.49	
128.83	-17.09	91.73	
35.41	36.54	91.11	
177.28	19.25	89.01	
50.45	-19.00	88.85	
45.77	-13.55	88.26	Ligoupup
93.82	51.69	86.34	
155.24	-8.55	86.05	
11.91	-25.77	85.54	Con
220.45	52.10	84.08	
176.06	10.39	83.41	Fatu
154.97	-1.51	82.96	
257.99	3.04	82.90	
164.79	15.51	82.28	Seveki
65.31	-35.97	79.88	Madumda
213.22	-26.05	79.82	
57.30	-11.39	79.79	Tane
48.80	4.92	79.75	Nishke
208.18	7.34	78.76	Dangun
104.92	-51.89	78.62	
314.34	-48.02	78.60	Izanami
175.37	39.88	77.75	Gucumatz
29.13	-36.67	77.46	Haik
14.98	-37.93	77.01	Bulagat
148.09	-11.49	76.43	
76.80	-11.76	75.63	
8.27	-53.42	75.26	Melo
197.67	65.93	74.21	
316.61	9.55	74.10	Heller
113.25	-49.68	73.70	Zicum
160.32	17.74	73.43	
308.24	-23.50	73.18	Leza
12.90	7.36	72.05	Haoso
96.77	11.87	71.73	
270.16	-1.17	71.66	Obatala
154.74	40.13	71.61	Juok
242.47	-25.11	71.51	Nareau
81.67	-18.37	71.11	
116.91	-51.90	70.75	
188.59	67.31	70.72	
73.58	44.19	70.46	
51.33	27.23	69.90	
187.88	53.18	69.77	Huracan
94.11	24.97	69.61	
79.60	49.80	69.53	Yu-Ti
102.51	-13.69	68.56	
131.42	-0.15	68.22	Mumbi
265.44	-63.66	68.00	
240.96	-78.26	67.73	Tuwale
202.59	0.48	67.62	Amotken
1.35	-46.90	67.53	Atum
38.72	-63.35	66.89	Kanobo
121.81	-46.77	66.79	
157.86	58.96	66.71	Tulpar
237.11	42.57	66.70	
191.57	1.92	66.16	
28.03	4.96	66.16	
225.96	-56.78	66.06	Wende
109.49	-29.33	65.10	
353.59	-41.79	64.98	
264.35	-39.73	64.65	
79.96	45.75	63.94	
43.48	-1.78	63.75	
193.96	29.83	63.68	Wak
54.37	21.88	63.56	
114.15	45.64	63.50	Faro
9.95	-30.84	63.03	
90.97	-19.30	62.46	
169.60	-32.90	62.45	
117.03	44.16	62.29	
251.48	-36.50	62.29	Lowalangi
115.38	18.99	62.08	
84.52	24.38	62.06	Tika
162.42	-10.14	61.94	Gborogboro
83.11	57.84	61.70	
341.61	64.89	61.69	
263.54	-53.63	61.45	
335.68	-49.25	61.05	
44.61	21.84	60.75	
7.68	-24.25	60.68	
8.69	12.83	60.35	
128.70	-28.72	60.26	
293.32	31.96	60.17	
56.00	3.45	60.00	Xowalaci
57.23	13.78	59.82	
20.38	5.55	59.80	Karora
113.75	-38.16	59.01	Kurkyl
24.32	-75.62	58.83	
141.30	25.12	58.80	
346.74	25.88	58.48	Nainema
43.71	0.22	58.13	
192.68	-52.62	57.86	Gmerti
101.29	-33.94	57.84	
175.55	20.51	57.56	Tawa
210.31	-69.01	57.29	
92.38	4.27	57.00	
195.13	-20.54	57.00	Utleygon
311.53	-62.04	56.71	
124.28	-3.87	56.58	Fuxi
65.71	62.95	56.48	Agunua
95.93	16.07	56.35	Taaroa
201.31	-29.41	56.06	
46.97	-20.76	56.02	
121.16	-39.14	55.76	
33.49	46.62	55.64	
108.28	-5.41	55.52	
70.39	28.69	55.47	
10.86	-27.74	55.40	
347.14	-57.28	55.26	
210.89	-13.15	55.20	
140.45	27.65	55.11	
242.75	46.83	55.05	Luli
347.00	34.18	54.85	
38.35	-21.13	54.79	
145.46	-65.67	54.72	
69.27	54.24	54.69	Xu
53.59	-13.33	54.57	
90.52	78.17	54.22	Uku
347.05	11.37	54.18	Sholmo
340.60	34.36	54.17	Aananin
146.69	-52.51	54.03	Singbonga
105.78	-15.24	54.01	Chingaso
246.57	38.20	53.82	Enkai
134.56	60.74	53.80	Lumawig
54.24	38.03	53.50	
252.98	-53.63	53.47	
114.43	67.48	53.46	Whanin
56.66	-58.17	53.33	Tasheting
130.48	74.25	53.27	
93.94	-63.23	53.07	
154.99	27.67	53.05	Olorun
284.92	-16.85	53.04	Pouliuli
96.24	-4.20	52.84	
189.90	25.71	52.61	Anguta
68.21	-22.45	52.52	
21.54	45.46	52.50	Thunupa
129.00	68.17	52.37	
111.02	39.88	52.35	Iraca
277.73	10.30	52.34	Kuma
346.52	-42.31	52.15	
359.51	40.64	51.95	Khado
349.99	-41.24	51.91	
327.73	9.13	51.81	Kumpara
203.48	20.58	51.76	
122.06	71.38	51.74	
57.57	-34.05	51.47	Glooskap
302.04	-1.94	51.46	Inmar
116.90	-59.80	51.43	
255.25	-15.47	51.39	
254.62	0.97	51.26	
347.04	-53.80	51.20	Shedi
343.75	14.29	51.07	
206.99	44.61	50.96	Khutsau
0.50	-54.47	50.84	
119.97	54.54	50.50	
300.71	-10.74	50.50	
79.27	0.64	50.32	
129.63	-43.09	50.23	
340.17	-52.64	49.97	
112.23	-11.89	49.55	Inktomi
150.64	-35.38	49.20	Awonawilona
92.89	23.42	48.96	Num
352.93	45.07	48.90	Pedn
72.59	-11.94	48.89	
90.07	1.17	48.78	
140.48	-32.42	48.76	
72.97	27.73	48.70	
261.97	1.14	48.69	
103.09	-38.28	48.65	
55.98	19.68	48.64	
163.44	-0.61	48.61	
112.80	-44.92	48.49	
213.96	-63.35	48.43	Anansi
178.79	-14.89	48.04	
302.45	-76.62	47.83	Ambat
300.21	-6.10	47.74	
217.70	-41.61	47.38	
170.92	-60.74	47.08	
226.39	-12.37	46.92	
208.67	-59.58	46.92	
142.92	18.93	46.85	
126.54	-40.43	46.62	
78.76	36.42	46.62	
130.02	-25.50	46.56	
345.97	39.19	46.51	
71.68	-45.67	46.44	
295.03	14.19	46.41	Woyengi
335.87	8.97	46.34	
342.24	-16.41	46.22	Talapas
26.81	-46.83	46.20	
355.86	-42.43	45.80	
23.09	-16.38	45.79	Arunaka
236.52	-27.93	45.72	
112.13	-26.41	45.66	
304.23	-10.13	45.65	
128.77	-34.93	45.64	
118.91	40.10	45.51	Adjua
4.52	24.86	45.47	Wuraka
234.09	-39.02	45.27	
204.00	12.82	45.23	
154.08	-12.89	45.23	
63.67	-77.50	45.20	
50.81	-38.27	44.95	
171.66	-36.07	44.94	
345.23	1.08	44.92	
217.37	-33.88	44.88	Imberombera
320.30	-1.64	44.88	
294.43	-66.15	44.76	
260.24	-51.00	44.68	
116.54	26.51	44.65	
85.93	19.52	44.64	
348.10	-10.22	44.61	
312.29	47.14	44.54	Mbir
327.55	-72.42	44.54	Pokoh
141.18	-16.79	44.39	
39.34	32.12	44.34	
215.18	58.12	44.30	
345.17	-3.04	44.25	
220.82	-14.65	44.22	Karusakaibo
120.08	-14.40	44.18	
266.11	46.09	44.06	
349.44	-85.38	44.04	
17.19	40.60	43.97	Lowa
218.04	-61.84	43.92	
147.33	-1.86	43.91	
159.88	-41.22	43.85	
48.49	22.65	43.82	
222.48	-33.94	43.78	
303.51	-6.23	43.66	
151.21	-65.52	43.65	
314.21	-31.05	43.64	
99.82	-21.78	43.60	
116.89	-8.19	43.59	
114.48	2.16	43.48	
79.74	19.48	43.38	
338.65	23.85	43.24	
351.71	-38.11	43.16	
83.85	-22.27	43.16	Pachacamac
245.93	65.83	43.14	
47.27	-53.91	43.07	
208.84	-22.91	42.84	
69.41	11.90	42.73	
131.22	1.53	42.55	
178.87	1.25	42.54	
177.71	-41.78	42.54	
5.07	-14.51	42.48	
322.67	20.99	42.40	
326.09	-18.81	42.28	
95.58	-14.22	42.23	
136.24	-15.62	42.17	
261.76	59.41	42.02	
309.75	7.67	42.00	
219.71	-48.68	41.85	
104.92	29.23	41.69	
349.59	-17.74	41.66	Itciai
74.69	-28.36	41.62	
337.57	-8.43	41.56	
72.95	20.33	41.50	
334.38	-56.61	41.46	
22.87	52.58	41.40	Ameta
12.11	22.03	41.40	
330.58	-17.09	41.29	
157.68	-7.97	41.20	
331.58	-43.63	41.17	
354.53	20.48	41.13	
323.52	-5.37	41.03	
102.44	5.94	41.03	
72.94	6.84	41.01	
168.29	-50.54	40.98	
40.59	-70.91	40.97	
163.82	-52.68	40.93	
178.01	-21.02	40.89	
85.66	-67.00	40.82	
61.02	-18.74	40.76	
89.09	38.56	40.75	
335.19	-63.76	40.56	
173.09	29.53	40.53	
77.68	-32.49	40.40	
184.08	5.47	40.31	
59.19	23.13	40.08	
120.50	-9.45	40.03	
56.82	-23.57	40.00	
58.97	8.95	39.94	
40.97	22.91	39.88	
150.67	-5.47	39.87	
148.59	-24.32	39.78	
14.78	-21.86	39.76	
0.11	-3.83	39.59	
161.99	26.15	39.58	
343.59	-72.55	39.56	Torom
171.87	-69.67	39.50	
141.00	-23.84	39.48	
12.15	-75.27	39.45	Shuzanghu
51.09	8.76	39.45	
65.19	51.88	39.44	Jumo
0.69	-22.81	39.36	
332.81	3.87	39.32	
25.50	-30.37	39.30	
145.39	6.63	39.30	
11.76	-19.92	39.27	
224.79	-66.20	39.10	
335.98	-13.15	39.09	
161.65	-34.02	39.06	
9.01	29.92	38.97	Manoid
344.15	-13.40	38.96	
352.61	-51.65	38.94	
20.01	-22.50	38.89	
71.78	-15.83	38.87	
288.38	29.94	38.86	
182.91	-73.80	38.85	
326.52	-15.79	38.82	
344.92	-76.68	38.79	
48.97	-1.23	38.62	
141.22	-44.60	38.62	
177.56	-3.83	38.61	
93.23	7.47	38.59	
33.84	-37.78	38.58	
204.99	-46.60	38.56	Dotet
228.44	20.46	38.52	
31.75	-72.56	38.47	
117.60	-67.61	38.46	
207.50	62.19	38.21	
63.15	26.14	38.20	
234.27	66.65	38.20	
51.42	18.31	38.09	
246.10	-56.72	38.05	
95.05	31.03	37.86	
104.80	65.47	37.85	Pan Ku
228.95	-48.88	37.84	
86.04	-15.78	37.83	
327.33	11.88	37.73	
202.53	-49.30	37.71	
43.47	36.37	37.67	Tsuki-Yomi
353.79	8.15	37.64	
187.41	-6.87	37.63	
42.92	-10.42	37.59	
19.60	0.47	37.48	
90.82	-9.99	37.27	
254.03	72.82	37.26	
358.89	-75.28	37.22	
329.62	-45.45	37.16	
68.87	-10.48	37.15	
80.10	-54.43	37.15	
343.04	43.88	37.14	
38.99	-33.00	37.14	
65.70	21.10	37.13	Quwai
322.35	-10.35	37.13	
156.39	-39.90	37.06	
348.44	-45.65	36.94	
301.84	-24.85	36.91	
173.24	-17.80	36.86	
96.06	-26.08	36.81	
133.47	-30.04	36.74	
299.87	66.23	36.72	
158.30	-61.69	36.68	
111.35	-63.82	36.58	
63.88	5.59	36.49	
10.21	-39.67	36.45	
241.76	-4.47	36.41	
107.43	3.73	36.38	
283.21	-26.36	36.37	Amma
61.89	-29.54	36.35	
54.67	64.36	36.25	Malunga
307.31	-7.79	36.24	
43.31	46.02	36.24	
352.04	28.64	36.22	
353.36	43.87	36.21	
76.87	-64.79	36.17	
293.01	34.49	36.15	Puntan
226.69	-21.60	36.14	
82.99	-33.74	36.11	
53.03	-28.06	36.09	
196.16	-67.23	36.06	
98.69	5.27	36.03	
238.77	-20.31	36.00	
333.30	16.33	35.96	
20.92	-31.22	35.95	
237.54	59.42	35.92	
195.96	-0.89	35.91	
253.42	6.37	35.88	
26.66	-55.60	35.88	
20.21	55.24	35.81	Mubai
53.67	29.32	35.72	
24.14	-35.46	35.68	
82.73	-68.25	35.61	
195.99	-32.51	35.60	
152.96	56.20	35.57	
148.45	29.95	35.52	
65.92	-5.40	35.52	
72.64	-66.92	35.35	
28.48	60.44	35.34	
70.91	18.08	35.17	
221.74	-43.59	35.12	
322.76	38.50	35.06	Yehl
241.15	42.34	35.04	
78.83	-86.86	35.00	
37.86	78.74	34.97	
104.29	-55.01	34.92	
95.72	5.38	34.79	
355.33	-39.29	34.78	
113.24	0.84	34.78	
189.81	-28.87	34.76	
197.72	-22.54	34.74	
152.47	-15.67	34.64	
310.08	26.54	34.64	
134.02	43.64	34.64	
88.48	13.33	34.63	
333.61	10.49	34.63	
19.81	29.47	34.53	
76.70	6.51	34.50	
308.81	10.40	34.48	
75.07	8.17	34.42	
347.68	-10.95	34.41	
316.82	42.29	34.40	
343.15	37.24	34.35	
270.14	-52.29	34.35	
141.95	-6.38	34.34	
76.33	-26.36	34.31	
91.88	-27.50	34.29	
289.09	25.63	34.29	Kuksu
73.03	-22.30	34.26	
178.60	35.47	34.26	
214.04	14.35	34.25	
105.81	8.42	34.21	
21.74	33.25	34.20	
29.39	27.54	34.15	
243.89	-52.56	34.13	
16.45	62.26	34.10	
184.64	9.94	34.03	
175.92	-39.80	34.02	
99.41	-42.68	33.99	
70.51	-5.52	33.97	
55.20	-45.07	33.88	
70.94	38.90	33.87	
176.60	29.58	33.86	
354.91	-37.88	33.83	
297.98	7.15	33.83	
193.51	-38.64	33.78	
103.95	46.89	33.76	
42.87	-42.40	33.74	
7.25	-5.69	33.72	
216.06	-2.25	33.67	
92.73	46.12	33.66	
67.30	37.91	33.65	
177.72	-60.19	33.65	
13.76	48.01	33.61	
220.93	38.61	33.61	
132.09	-3.34	33.57	
100.48	9.45	33.57	
212.75	18.22	33.56	
237.31	-82.20	33.54	
86.60	-61.50	33.54	
4.06	-26.50	33.51	
208.85	-6.15	33.48	
259.49	-39.16	33.46	
291.94	-22.42	33.45	Ndu
288.65	-64.84	33.39	
33.67	-25.95	33.35	
114.13	58.37	33.34	
165.57	28.19	33.33	
356.75	-64.08	33.17	
34.26	-28.63	33.16	
334.75	-66.64	33.13	
320.30	33.25	33.09	
266.85	24.10	33.03	
203.03	15.73	33.01	
40.04	25.93	33.00	
4.49	-23.33	32.99	
194.74	59.74	32.88	
222.62	34.50	32.83	
82.65	9.37	32.78	
92.38	27.88	32.76	
79.52	-39.43	32.63	
235.81	-56.80	32.57	
86.96	-65.18	32.53	
99.84	27.49	32.53	
22.46	10.92	32.48	
72.90	17.02	32.48	
70.26	14.54	32.47	
162.97	-60.80	32.47	
334.68	-17.92	32.46	
140.83	51.01	32.46	
37.73	41.26	32.31	
39.37	27.55	32.18	
88.06	-37.68	32.15	
231.31	42.46	32.05	
334.84	-11.89	31.97	
37.25	-55.87	31.89	
282.33	31.93	31.76	Maheo
58.62	-29.52	31.69	
135.02	-35.24	31.67	
124.91	36.90	31.66	
71.74	-75.12	31.65	
233.51	-34.83	31.63	
151.42	-25.23	31.50	
74.87	-16.33	31.47	
313.19	66.49	31.47	Burkhan
97.81	-32.27	31.46	
245.54	-11.66	31.39	
331.66	-7.98	31.34	
44.39	13.31	31.32	
66.90	76.99	31.23	
208.37	-38.90	31.21	
38.14	-43.57	31.18	
301.98	-70.66	31.16	
131.79	-67.04	31.13	
186.92	14.28	31.07	
19.43	-30.50	31.06	
76.10	40.62	31.02	
4.43	-72.31	31.01	
145.44	-52.91	31.00	
160.42	-51.37	30.99	
116.59	65.84	30.99	
268.60	12.04	30.96	
246.08	26.87	30.89	
29.28	23.73	30.87	
206.93	-14.14	30.85	
65.42	27.38	30.83	
81.09	-21.66	30.82	
142.37	-41.10	30.80	
188.42	-24.21	30.79	
332.33	-50.14	30.77	
351.25	36.34	30.74	
192.94	61.14	30.72	
160.35	-1.00	30.64	
345.48	49.88	30.61	
42.68	27.52	30.61	
106.81	1.00	30.58	
157.63	-20.44	30.56	
191.90	21.21	30.56	
207.70	-10.20	30.47	
236.38	22.34	30.44	
243.02	77.48	30.40	
80.42	16.62	30.37	
287.34	-32.07	30.36	
115.52	14.80	30.33	
147.30	55.15	30.30	
31.43	-17.23	30.26	
198.53	-22.39	30.26	
99.92	-12.89	30.22	
80.99	-29.76	30.18	
252.11	27.91	30.18	
122.01	-48.08	30.14	
171.63	42.77	30.13	
193.27	-63.08	30.12	
295.73	-59.55	30.11	
79.58	7.01	30.10	
321.10	-30.50	30.07	
72.34	-18.41	30.05	
353.49	52.45	30.05	
237.02	-11.63	30.03	
171.56	-45.41	30.03	
130.11	-64.50	30.01	
10.82	16.13	30.00	
218.88	-38.72	30.00	
282.20	5.12	29.99	
121.17	21.80	29.96	
334.16	56.05	29.92	
343.98	-38.68	29.90	
124.62	2.99	29.81	
210.97	31.31	29.80	
17.05	-22.29	29.78	
135.31	17.84	29.76	
92.11	-84.07	29.73	
37.86	-8.56	29.72	
267.50	-29.03	29.71	
10.59	-36.63	29.71	
250.86	16.43	29.70	Atabei
115.14	-63.63	29.63	
116.56	-45.25	29.61	
79.49	-42.28	29.58	
207.77	28.36	29.58	
154.26	-73.94	29.53	
160.89	63.77	29.53	
212.85	-31.29	29.52	
111.05	21.47	29.51	
237.27	-49.38	29.49	
14.98	22.56	29.38	
34.12	4.22	29.38	
188.12	-58.58	29.38	
3.92	-31.00	29.36	
83.20	-57.18	29.35	
355.86	69.38	29.35	
76.99	-73.57	29.34	
332.92	-13.39	29.30	
65.52	-9.93	29.30	
297.53	0.03	29.29	
105.54	-19.22	29.23	
15.32	-67.44	29.18	
138.04	-37.16	29.16	
19.33	-66.37	29.13	
299.08	22.35	29.10	
119.44	9.81	29.02	
108.48	-69.31	28.98	
46.72	-3.08	28.98	
17.30	-31.47	28.98	
341.57	20.30	28.98	
292.25	-47.13	28.93	
7.27	-19.32	28.92	
3.96	-59.30	28.91	
133.55	-62.26	28.89	
222.38	49.61	28.89	
135.85	80.80	28.85	
53.70	-4.98	28.84	
160.85	-64.74	28.83	
138.52	32.62	28.82	
190.07	-10.38	28.74	
189.40	-17.58	28.70	
13.16	39.12	28.69	
60.94	-25.97	28.68	
158.28	33.15	28.67	
86.89	-41.94	28.66	
272.72	11.48	28.66	
247.16	-25.28	28.65	
155.24	3.25	28.61	
246.89	-73.82	28.59	
8.01	-15.66	28.53	
132.28	17.74	28.53	
174.87	-75.90	28.52	
190.03	-7.48	28.51	
237.70	-23.41	28.49	
24.93	-5.10	28.46	
352.10	-9.12	28.44	
36.58	-11.50	28.44	
94.04	65.07	28.42	
220.01	41.66	28.41	
120.81	4.70	28.41	
105.18	-46.91	28.39	
102.05	61.73	28.36	
134.29	16.12	28.33	
25.74	25.44	28.29	
134.09	21.56	28.29	Imra
26.08	30.09	28.26	
149.02	58.63	28.19	
284.84	16.48	28.19	
268.40	-58.53	28.19	
29.01	-8.86	28.18	
134.29	-29.59	28.11	
321.89	65.39	28.07	
126.58	52.60	28.07	
186.14	-29.22	28.04	
251.08	38.31	28.02	
142.56	-34.99	28.00	
73.78	19.34	27.99	
219.98	-26.69	27.99	
147.82	80.71	27.95	
156.97	0.23	27.90	
245.31	14.00	27.89	
352.26	20.91	27.83	
225.67	-63.53	27.81	
3.09	-69.93	27.79	
10.99	-14.92	27.75	
168.66	-18.07	27.72	
76.20	-56.40	27.72	
170.35	-25.36	27.69	
45.96	37.54	27.64	
113.49	-41.72	27.64	
175.64	15.30	27.64	
204.89	-21.06	27.63	
178.68	17.16	27.63	
333.52	1.24	27.63	
57.32	-46.04	27.60	
2.20	14.65	27.60	
63.01	-13.03	27.58	
81.83	5.34	27.56	
71.05	-57.46	27.55	
166.99	-26.36	27.53	
66.36	-39.82	27.49	
147.08	-46.13	27.46	
216.36	-22.58	27.42	
108.07	-34.01	27.40	
102.33	9.58	27.38	
118.70	-33.16	27.38	
312.26	17.09	27.36	
203.84	-55.66	27.33	
176.36	2.11	27.31	
255.06	30.47	27.31	
200.09	7.62	27.29	
21.19	-63.22	27.29	
24.00	-20.51	27.28	
170.77	36.51	27.25	
89.75	7.44	27.23	
116.25	29.86	27.21	
110.36	-60.27	27.17	
100.57	43.08	27.16	
336.20	-4.82	27.15	
68.65	-24.63	27.14	
136.05	-20.98	27.11	
46.58	23.29	27.08	
165.90	28.38	27.07	
98.88	-27.78	27.05	
192.75	56.52	27.04	
156.55	-51.86	27.04	
194.60	57.41	27.02	
41.40	-6.16	27.01	
145.04	-39.08	27.00	
314.78	5.56	26.99	
102.70	-23.84	26.98	
285.35	-62.47	26.98	
123.64	2.80	26.96	
58.75	25.96	26.95	
107.28	34.45	26.95	
208.26	-21.53	26.91	
2.95	1.10	26.89	
313.89	-21.25	26.89	
146.15	-49.39	26.86	
60.51	-7.65	26.85	
222.30	10.00	26.84	
224.09	45.96	26.83	
326.16	-78.73	26.82	
34.28	31.99	26.81	
145.90	-73.27	26.79	
128.08	-54.10	26.79	
182.32	76.38	26.79	
355.11	-60.39	26.78	
233.82	-24.51	26.76	
78.14	-27.87	26.75	
62.25	13.25	26.74	
209.35	35.79	26.73	
95.70	24.49	26.70	
162.31	-58.54	26.68	
315.18	78.83	26.64	
23.02	36.12	26.63	
159.11	-23.30	26.62	
187.28	19.25	26.60	
155.51	-50.07	26.60	
244.02	-59.96	26.58	
27.34	-2.88	26.58	
183.99	-16.83	26.57	
99.94	-69.34	26.54	
351.30	-35.69	26.53	
336.93	-62.16	26.49	
297.52	55.54	26.47	
94.18	-24.85	26.45	
34.04	-53.86	26.44	
272.09	-41.92	26.40	
340.38	9.64	26.38	
51.06	15.24	26.34	
194.96	17.45	26.31	
175.59	30.92	26.30	
225.17	31.98	26.27	
320.29	-66.07	26.24	
311.13	-9.09	26.22	
70.34	-2.70	26.21	
83.78	-28.42	26.21	
145.19	-17.41	26.21	
165.13	-47.06	26.20	
319.11	17.56	26.19	
129.57	38.23	26.16	
180.67	-47.11	26.13	
223.78	14.53	26.12	
8.62	-74.13	26.12	
48.64	-47.07	26.10	
358.93	-70.44	26.09	
44.17	58.05	26.09	
220.12	53.14	26.07	
152.85	-27.62	26.07	
81.03	-50.38	26.06	
231.21	-34.60	26.05	
32.42	63.62	25.99	
268.53	26.12	25.98	
133.93	53.21	25.95	
338.47	-5.14	25.94	
230.32	20.61	25.93	
99.96	0.62	25.92	
2.76	8.82	25.91	
101.82	21.75	25.91	
210.28	-4.60	25.90	
77.93	-43.52	25.90	
77.29	54.15	25.89	
76.65	26.17	25.88	
101.87	-74.88	25.87	
123.68	26.95	25.86	
9.17	-66.56	25.85	
161.03	40.36	25.85	
11.10	34.70	25.84	
129.16	18.70	25.74	
186.28	-3.14	25.74	
119.25	20.24	25.74	
190.31	-46.67	25.73	
215.23	-8.53	25.71	
241.79	55.54	25.70	
144.05	-56.57	25.68	
1.68	21.49	25.66	
106.21	-26.26	25.66	
100.05	32.78	25.65	
101.43	17.43	25.65	
160.43	-61.06	25.63	
315.52	-61.13	25.62	
10.92	65.50	25.61	
156.93	-66.89	25.59	
132.87	-39.23	25.58	
117.05	-20.25	25.57	
146.29	34.45	25.55	
44.72	9.48	25.52	
12.31	-7.38	25.52	
3.16	20.29	25.51	
57.06	25.72	25.49	
79.99	-58.41	25.47	
216.58	-1.47	25.46	
130.59	42.35	25.44	
341.21	25.33	25.42	
60.71	-44.45	25.42	
246.03	-18.28	25.42	
36.32	5.05	25.41	
96.43	-9.82	25.41	
171.38	-65.55	25.40	
259.00	12.83	25.36	
263.20	-45.17	25.35	
114.11	31.79	25.35	
220.63	24.93	25.34	
24.62	-44.64	25.34	
262.43	23.47	25.33	
63.14	-40.32	25.33	
153.58	3.85	25.32	
116.47	31.04	25.31	
324.06	-7.59	25.31	
40.70	-84.19	25.26	
260.16	-60.92	25.25	
70.72	-65.29	25.24	
113.37	-20.29	25.21	
136.25	-4.35	25.19	
307.89	-72.85	25.19	
245.14	-25.51	25.13	
80.76	-40.53	25.11	
227.57	-32.95	25.10	
159.26	-16.67	25.08	
344.23	21.73	25.05	
82.44	-5.68	25.04	
116.78	17.95	25.03	
283.18	29.61	25.02	
135.05	-36.45	24.98	
106.56	-44.42	24.98	
63.10	-50.79	24.97	
34.02	0.73	24.97	
186.19	10.21	24.96	
34.17	24.60	24.96	
60.24	-1.13	24.95	
76.38	-30.21	24.93	
99.30	50.73	24.90	
116.21	-12.61	24.88	
353.87	38.85	24.87	
200.81	18.82	24.86	
308.83	-10.02	24.86	
220.43	-27.57	24.84	
155.53	-27.61	24.83	
291.56	48.43	24.81	
330.14	-29.33	24.80	
64.76	28.97	24.79	
76.60	20.11	24.76	
193.39	-3.78	24.75	
104.69	-17.29	24.73	
86.36	3.29	24.72	
166.98	-62.40	24.71	
352.69	36.55	24.71	
337.35	27.38	24.69	
318.86	1.04	24.68	
186.32	17.80	24.67	
251.60	22.40	24.67	
116.42	-73.13	24.66	
109.14	-34.01	24.65	
42.76	-7.99	24.65	
233.84	-47.20	24.62	
326.25	23.27	24.61	
27.54	62.83	24.59	
116.86	51.57	24.59	
198.61	-18.22	24.58	
33.05	-5.99	24.56	
199.87	34.53	24.56	
153.16	51.71	24.54	
212.54	-0.83	24.48	
12.84	-61.01	24.47	
194.09	-28.29	24.47	
251.86	-13.09	24.47	
338.06	0.01	24.47	
84.16	-44.37	24.46	
178.48	59.55	24.45	
282.93	-32.74	24.45	
184.47	-42.99	24.44	
122.99	36.45	24.42	
26.86	32.23	24.42	
84.05	17.56	24.40	
118.19	48.52	24.38	
27.14	-24.44	24.35	
346.15	-63.57	24.34	
253.74	56.56	24.27	
186.09	-41.76	24.26	
261.37	-64.40	24.25	
106.93	-12.78	24.25	
160.76	-19.00	24.25	
202.05	40.97	24.24	
129.37	-0.05	24.21	
120.79	-63.63	24.21	
77.32	-49.31	24.21	
49.13	-74.32	24.18	
316.82	-27.93	24.16	
46.66	18.47	24.15	
41.13	-48.89	24.14	
236.84	31.65	24.14	
228.76	43.84	24.13	
75.11	59.17	24.13	
271.67	-67.76	24.13	
246.58	-0.97	24.11	
110.01	-39.92	24.09	
153.80	41.42	24.09	
208.76	29.28	24.08	
220.78	-82.17	24.07	
199.10	-35.42	24.05	
55.77	-1.97	24.05	
146.10	-32.71	24.03	
42.55	-46.63	24.03	
163.02	-25.93	24.03	
284.91	-31.94	23.99	
80.70	0.96	23.99	
13.64	66.88	23.98	
325.18	-24.83	23.97	
42.19	-12.66	23.96	
117.44	-10.39	23.94	
21.96	85.16	23.93	
285.57	-1.90	23.92	
213.80	-21.90	23.92	
142.86	-12.51	23.92	
322.89	8.37	23.91	
195.28	3.86	23.91	
169.29	-22.30	23.90	
179.91	34.81	23.89	
212.41	13.33	23.88	
62.86	-0.97	23.87	
159.99	-73.13	23.87	
286.83	20.51	23.86	
141.71	2.51	23.85	
313.59	27.34	23.84	
74.84	-50.79	23.80	
316.54	71.16	23.79	
198.86	-29.55	23.79	
106.55	55.41	23.79	
40.98	32.50	23.78	
163.97	-43.98	23.77	
286.81	-55.79	23.76	
29.49	-78.83	23.75	
38.26	-54.14	23.75	
162.70	-0.11	23.73	
346.22	13.25	23.72	
0.63	13.64	23.72	
184.93	69.48	23.71	
240.91	35.13	23.70	
51.21	16.46	23.69	
16.21	70.02	23.67	
80.89	-7.01	23.67	
163.36	16.92	23.66	
120.67	35.94	23.66	
204.25	19.23	23.65	
269.09	61.67	23.62	
62.86	49.69	23.60	
208.83	-43.25	23.59	
353.25	-65.35	23.56	
202.15	-65.53	23.55	
70.07	55.85	23.55	
24.68	42.70	23.54	
22.60	-41.05	23.54	
240.02	-60.40	23.53	
137.07	2.60	23.51	
71.65	25.73	23.51	
267.28	-70.59	23.49	
306.96	67.39	23.49	
32.89	-69.79	23.48	
110.66	-16.29	23.48	
254.99	-21.84	23.45	
208.39	-53.87	23.44	
132.80	-42.09	23.43	
141.64	-62.20	23.42	
69.45	-53.24	23.41	
192.90	6.11	23.41	
238.74	11.36	23.41	
202.27	-19.03	23.39	
182.14	-40.80	23.39	
309.90	-80.98	23.39	
2.10	19.26	23.37	
353.55	64.55	23.36	
237.26	26.71	23.35	
172.06	-13.35	23.35	
78.67	33.32	23.33	
296.52	59.11	23.33	
9.08	-8.73	23.32	
150.05	-63.14	23.30	
91.66	-76.66	23.29	
322.27	11.38	23.29	
176.75	-11.40	23.28	
5.78	-7.81	23.24	
117.56	-47.55	23.22	
152.20	-17.65	23.22	
335.44	-33.48	23.21	
32.40	-42.29	23.20	
26.16	39.48	23.20	
325.91	64.39	23.18	
300.87	55.18	23.17	
242.64	-49.36	23.17	
358.77	63.61	23.17	
35.92	-58.18	23.15	
310.89	-16.71	23.15	
220.25	3.03	23.14	
131.13	7.89	23.13	
36.01	19.62	23.13	
73.49	1.35	23.12	
94.32	68.80	23.11	
79.59	86.18	23.07	
239.21	-35.63	23.06	
252.03	-63.26	23.04	
75.77	66.27	23.03	
323.26	62.82	23.03	
136.63	-2.65	23.02	
55.97	34.53	22.99	
54.09	-63.36	22.98	
24.32	-29.06	22.96	
93.91	42.28	22.94	
205.11	-19.74	22.93	
327.10	27.13	22.93	
193.09	-9.42	22.93	
352.31	-29.05	22.92	
232.08	32.98	22.92	
164.85	63.83	22.92	
41.64	-21.35	22.91	
192.35	35.82	22.91	
173.32	33.56	22.90	
133.65	-48.35	22.90	
332.42	5.68	22.87	
207.35	28.83	22.87	
139.63	-26.61	22.86	
155.61	-75.67	22.85	
176.70	-8.49	22.85	
162.12	41.38	22.82	
137.51	-57.35	22.81	
58.97	45.90	22.80	
289.87	12.63	22.77	
247.33	-2.36	22.77	
104.88	-2.20	22.76	
115.62	10.68	22.76	
137.78	87.68	22.75	
107.92	-24.74	22.73	
80.93	-3.32	22.69	
135.65	8.25	22.68	
211.55	-18.61	22.68	
226.68	-53.63	22.67	
95.60	47.02	22.66	
76.18	-52.50	22.65	
102.49	-18.05	22.65	
107.71	7.33	22.65	
340.81	-4.25	22.64	
13.00	18.97	22.64	
315.62	27.18	22.62	
33.32	59.74	22.61	
341.19	56.44	22.60	
216.08	2.13	22.60	
79.67	27.45	22.59	
170.14	-43.04	22.58	
93.24	-34.32	22.57	
188.19	38.12	22.56	
188.90	-13.44	22.53	
206.37	-49.34	22.51	
252.67	29.57	22.51	
13.10	16.64	22.50	
103.27	-19.22	22.48	
337.61	49.17	22.48	
129.05	29.95	22.48	
81.43	34.22	22.46	
2.69	65.00	22.46	
146.60	-40.14	22.45	
51.98	-84.11	22.44	
100.40	-18.07	22.43	
153.56	47.92	22.43	
127.39	40.11	22.40	
299.45	-1.05	22.37	
223.41	17.73	22.36	
18.69	-42.30	22.34	
57.39	18.30	22.32	
311.62	-20.32	22.32	
359.14	24.56	22.31	
229.35	-32.43	22.29	
96.78	37.47	22.29	
92.87	16.78	22.27	
97.09	-29.96	22.26	
24.02	28.27	22.25	
246.89	55.53	22.25	
82.81	-12.55	22.24	
103.58	-39.35	22.23	
20.68	-8.90	22.23	
187.05	-13.00	22.22	
124.92	-11.94	22.22	
7.78	-16.66	22.20	
93.89	-4.64	22.20	
130.19	10.21	22.19	
273.87	-52.39	22.19	
327.56	-12.08	22.19	
106.10	27.46	22.17	
325.64	-61.44	22.14	
349.72	11.48	22.14	
288.19	14.68	22.14	
248.13	-16.20	22.13	
276.00	7.33	22.13	
302.72	70.85	22.13	
304.85	63.41	22.12	
291.89	26.55	22.10	
172.35	20.10	22.09	
144.27	-38.55	22.09	
110.07	-18.37	22.08	
82.88	40.92	22.06	
154.07	-27.94	22.06	
114.81	-56.38	22.06	
268.87	-71.95	22.06	
310.50	65.10	22.05	
8.83	45.96	22.05	
86.91	37.03	22.03	
190.75	39.76	22.02	
76.58	-22.20	22.01	
145.43	-15.50	22.01	
119.84	-59.74	22.00	
85.55	-3.29	22.00	
249.94	-3.92	21.99	
180.53	20.37	21.98	
353.08	39.44	21.96	
308.37	-3.70	21.94	
211.78	-3.81	21.94	
221.48	-9.39	21.93	
0.37	8.11	21.92	
118.54	2.94	21.88	
264.35	-57.13	21.87	
67.92	31.70	21.86	
71.16	-59.27	21.86	
147.20	5.75	21.85	
130.87	55.33	21.85	
335.18	-20.31	21.84	
194.46	47.68	21.83	
98.04	-5.70	21.82	
186.23	-37.34	21.82	
56.23	17.41	21.79	
328.81	67.53	21.78	
304.96	11.07	21.77	
156.02	-30.11	21.76	
107.80	-40.94	21.74	
240.92	22.01	21.73	
349.28	-37.35	21.67	
129.52	16.99	21.66	
200.56	5.07	21.65	
91.63	9.03	21.64	
339.33	-32.73	21.64	
80.08	12.76	21.62	
71.66	-40.50	21.61	
143.15	0.32	21.61	
55.49	-28.48	21.61	
100.60	7.79	21.60	
107.53	78.44	21.60	
310.79	0.98	21.59	
34.23	-78.24	21.58	
201.57	-39.16	21.57	
129.66	54.38	21.56	
208.59	-17.60	21.53	
296.15	45.07	21.50	
238.21	-13.83	21.49	
187.07	-26.45	21.49	
340.87	-39.35	21.47	
359.34	-34.41	21.46	
192.95	17.87	21.46	
350.54	-69.48	21.46	
205.69	-37.06	21.45	
91.83	-71.83	21.45	
133.84	48.22	21.44	
4.99	-41.56	21.43	
250.26	-8.62	21.43	
323.27	-54.65	21.43	
357.12	32.04	21.41	
102.95	1.76	21.41	
55.11	23.43	21.41	
208.99	-0.41	21.40	
299.35	17.88	21.39	
14.64	-43.18	21.39	
93.46	11.97	21.39	
206.17	-22.00	21.37	
92.44	-29.88	21.37	
103.26	19.52	21.34	
73.06	-35.32	21.33	
71.32	42.55	21.33	
89.05	-3.28	21.32	
35.93	16.11	21.32	
15.59	-17.37	21.31	
73.99	-30.68	21.31	
101.67	-47.61	21.30	
42.03	13.40	21.30	
33.58	-59.54	21.30	
146.25	46.63	21.29	
156.09	-24.19	21.29	
143.16	8.52	21.29	
42.37	80.36	21.28	
265.03	15.18	21.28	
121.93	-34.85	21.28	
49.35	37.05	21.28	
338.86	41.24	21.25	
338.37	61.38	21.25	
121.11	46.76	21.23	
132.42	-76.24	21.23	
126.31	-0.51	21.17	
73.05	36.22	21.17	
64.85	-22.65	21.14	
315.02	18.95	21.14	
248.32	19.44	21.14	
18.51	49.58	21.14	
328.54	-26.14	21.14	
66.50	-26.34	21.12	
327.33	54.71	21.12	
82.28	-36.00	21.07	
170.67	-23.56	21.05	
230.99	31.52	21.05	
98.36	38.17	21.05	
35.91	23.22	21.05	
116.77	-6.20	21.05	
124.69	65.98	21.04	
334.75	-8.42	21.04	
155.07	7.94	21.03	
183.78	-51.85	21.02	
40.33	-46.22	21.00	
168.38	23.76	20.99	
39.63	-6.22	20.98	
329.01	-22.62	20.97	
338.35	5.89	20.97	
59.21	-51.73	20.97	
132.57	-22.05	20.97	
28.45	11.30	20.96	
97.29	-23.57	20.96	
273.06	-44.95	20.96	
343.81	-57.47	20.95	
120.19	4.18	20.94	
184.16	-8.89	20.93	
356.09	-2.32	20.91	
95.74	-35.09	20.91	
184.03	-30.63	20.90	
141.11	-2.99	20.88	
307.64	54.85	20.84	
68.33	2.18	20.83	
230.25	-15.99	20.82	
32.04	79.85	20.81	
140.03	8.58	20.80	
300.79	-29.63	20.80	
126.67	-15.98	20.79	
7.30	-62.90	20.79	
20.15	-40.43	20.75	
61.83	-64.23	20.75	
332.64	34.36	20.74	
311.06	-40.48	20.74	
109.03	-25.69	20.73	
84.72	-4.73	20.72	
107.26	-81.33	20.72	
288.44	20.99	20.71	
20.69	61.60	20.70	
90.23	33.84	20.70	
18.97	42.64	20.69	
68.98	-62.93	20.68	
176.45	-21.48	20.65	
346.45	57.97	20.65	
148.24	-41.66	20.63	
333.60	-17.30	20.62	
295.65	82.80	20.62	
284.76	49.64	20.62	
37.18	10.53	20.60	
13.67	-80.00	20.60	
244.74	-32.41	20.60	
354.64	-58.63	20.57	
182.77	10.70	20.55	
96.83	65.96	20.55	
257.31	-0.75	20.54	
204.50	35.27	20.54	
111.20	-5.61	20.54	
10.57	22.02	20.53	
117.53	-15.60	20.53	
240.30	24.97	20.53	
139.98	-9.25	20.52	
208.06	-20.25	20.52	
136.21	-48.28	20.52	
82.90	35.33	20.52	
102.71	-21.43	20.50	
13.58	-8.05	20.47	
116.19	-41.89	20.46	
247.95	-33.18	20.44	
112.77	-33.66	20.44	
99.74	-31.42	20.44	
82.34	68.71	20.43	
342.54	27.99	20.42	
87.55	39.98	20.42	
118.06	33.08	20.40	
150.05	-30.99	20.38	
206.88	16.73	20.38	
107.40	-19.38	20.38	
70.61	-4.60	20.38	
77.89	16.40	20.38	
222.05	-3.27	20.35	
351.70	-56.64	20.33	
218.36	82.83	20.33	
248.53	-43.55	20.33	
9.90	-55.60	20.32	
342.44	-65.33	20.32	
109.29	50.11	20.31	
122.09	-71.24	20.31	
268.99	-8.06	20.30	
248.76	12.07	20.28	
217.92	39.22	20.27	
71.96	-2.38	20.24	
2.93	53.10	20.24	
316.42	84.90	20.22	
20.53	-78.44	20.21	
348.19	-26.63	20.21	
338.51	-14.99	20.20	
154.59	-41.71	20.20	
186.38	-34.46	20.19	
131.49	-38.95	20.19	
169.73	40.59	20.18	
192.75	-14.33	20.17	
182.41	-25.34	20.17	
125.74	-24.09	20.17	
335.00	19.10	20.16	
235.90	-31.48	20.15	
23.87	-13.16	20.15	
348.83	15.95	20.14	
26.10	-65.50	20.13	
250.30	-25.48	20.12	
341.23	24.22	20.12	
218.89	13.45	20.12	
283.38	15.86	20.11	
161.58	2.95	20.08	
343.03	-21.30	20.07	
48.56	28.33	20.07	
327.56	-24.67	20.07	
88.70	50.37	20.06	
263.83	38.07	20.05	
65.71	23.54	20.04	
342.31	-36.22	20.04	
46.16	-45.22	20.04	
322.53	-53.26	20.04	
124.94	27.70	20.03	
340.74	18.79	20.03	
192.56	-82.65	20.02	
288.62	16.06	20.01	
205.20	-11.38	20.01	
347.53	-32.37	20.01	
233.67	-15.06	20.01	
92.44	40.93	19.99	
37.43	-10.53	19.99	
193.35	-70.83	19.99	
204.85	-30.41	19.99	
236.59	-5.27	19.98	
221.43	-63.54	19.98	
36.21	17.32	19.97	
51.58	-58.62	19.93	
241.33	-19.37	19.92	
318.36	-22.64	19.88	
95.93	34.44	19.84	
227.62	-37.89	19.84	
143.73	-32.19	19.84	
306.03	12.15	19.84	
107.13	-21.49	19.84	
346.41	-46.77	19.84	
194.92	41.80	19.82	
103.84	-68.51	19.81	
114.41	-76.54	19.79	
303.98	4.51	19.78	
137.93	-50.79	19.77	
109.90	63.77	19.76	
62.70	24.90	19.75	
61.18	-71.86	19.75	
222.98	44.18	19.74	
189.77	16.12	19.74	
90.87	56.56	19.74	
343.04	-40.94	19.73	
213.43	40.10	19.73	
176.25	35.16	19.73	
337.13	69.10	19.71	
84.11	-38.43	19.70	
100.53	41.25	19.68	
302.55	3.68	19.67	
323.54	26.23	19.66	
175.00	-32.17	19.65	
322.04	-25.65	19.64	
320.01	-0.73	19.64	
67.57	-13.57	19.63	
193.77	-30.38	19.60	
0.60	23.36	19.59	
333.80	66.13	19.59	
115.40	-69.17	19.59	
313.68	-59.48	19.58	
200.81	46.97	19.58	
348.29	82.75	19.58	
111.88	-3.26	19.57	
81.61	60.93	19.57	
300.11	57.52	19.57	
19.20	-36.37	19.57	
39.19	-51.10	19.56	
77.31	10.96	19.56	
265.21	18.93	19.54	
178.77	22.30	19.54	
180.70	-10.01	19.53	
159.09	-31.82	19.49	
170.37	60.24	19.49	
10.16	40.23	19.49	
143.02	-7.34	19.48	
80.77	26.10	19.47	
200.87	-57.77	19.45	
137.64	4.52	19.44	
166.54	29.45	19.44	
127.93	-73.77	19.44	
355.03	-62.08	19.44	
97.20	-17.40	19.44	
268.71	-18.17	19.43	
3.20	31.96	19.43	
276.69	0.93	19.42	
140.68	70.54	19.42	
28.12	36.19	19.42	
59.97	-4.35	19.41	
253.47	-6.82	19.40	
335.55	49.10	19.39	
71.46	23.07	19.39	
139.02	-13.03	19.38	
324.71	-62.43	19.37	
132.26	-44.81	19.37	
0.40	89.63	19.36	
221.72	22.82	19.36	
342.53	-47.21	19.34	
252.70	12.23	19.34	
257.02	40.55	19.34	
314.97	-14.21	19.33	
215.94	-54.67	19.33	
343.53	-28.35	19.33	
299.39	-22.05	19.33	
73.93	-82.14	19.32	
270.41	-12.25	19.31	
335.86	-46.22	19.29	
1.69	-62.93	19.29	
344.15	61.23	19.29	
135.36	13.52	19.28	
224.94	-6.75	19.26	
26.55	-74.44	19.22	
326.91	-5.54	19.21	
300.67	14.61	19.20	
240.41	-64.61	19.19	
205.36	-41.84	19.19	
320.27	18.82	19.18	
26.45	75.18	19.18	
144.18	1.57	19.18	
108.82	45.93	19.18	
82.96	54.70	19.17	
242.49	-46.57	19.17	
2.56	-21.06	19.12	
251.36	-61.96	19.11	
222.95	-47.23	19.11	
178.86	-33.21	19.11	
278.59	-64.01	19.11	
153.80	-22.77	19.10	
266.64	-20.80	19.10	
303.72	49.56	19.10	
215.96	-18.66	19.10	
121.33	14.97	19.09	
198.46	-79.77	19.09	
68.04	-1.82	19.08	
330.92	-34.69	19.07	
78.84	6.20	19.06	
56.96	-65.56	19.06	
203.01	-16.12	19.05	
216.67	-9.40	19.05	
309.16	63.13	19.03	
198.84	-8.07	19.03	
341.79	-70.27	19.03	
91.65	5.55	19.03	
30.97	-59.73	19.02	
308.03	29.18	19.02	
86.85	17.21	19.02	
76.00	36.98	19.02	
200.15	13.98	19.02	
247.51	78.56	19.02	
81.87	14.21	19.00	
102.14	4.27	19.00	
105.02	2.41	18.99	
2.27	-19.08	18.98	
73.02	38.28	18.97	
0.64	-77.49	18.97	
197.59	14.79	18.94	
117.56	-8.83	18.92	
160.03	-46.34	18.92	
192.41	47.31	18.91	
303.18	7.72	18.91	
350.34	60.77	18.90	
345.63	43.12	18.88	
85.94	15.99	18.88	
182.13	3.90	18.88	
188.94	-21.90	18.88	
64.58	1.11	18.87	
216.50	50.32	18.86	
52.75	-50.52	18.86	
190.11	34.02	18.84	
19.10	-53.79	18.84	
358.49	-51.18	18.84	
252.40	-44.05	18.83	
83.44	36.99	18.82	
295.43	66.70	18.81	
79.40	-49.70	18.80	
63.12	76.07	18.80	
77.69	58.00	18.79	
92.12	-15.97	18.78	
317.69	-58.58	18.78	
6.38	29.26	18.78	
63.81	48.80	18.77	
237.06	2.94	18.77	
338.87	47.76	18.77	
5.15	36.01	18.76	
195.35	47.62	18.76	
76.28	-76.83	18.76	
69.57	-0.98	18.76	
300.50	56.26	18.76	
73.65	32.65	18.74	
179.95	-22.34	18.72	
323.97	27.61	18.71	
34.70	-3.81	18.70	
148.32	-45.19	18.69	
67.51	-31.94	18.69	
172.08	-24.79	18.68	
346.10	19.36	18.67	
15.58	55.10	18.67	
80.96	-5.03	18.66	
69.81	-30.28	18.63	
57.88	15.65	18.61	
67.18	-6.49	18.60	
337.25	47.58	18.60	
237.04	-67.07	18.59	
187.20	-5.65	18.59	
261.40	8.99	18.58	
173.00	47.77	18.57	
1.53	-29.31	18.57	
345.14	69.65	18.56	
29.35	0.99	18.56	
2.11	37.72	18.55	
198.30	-36.05	18.54	
106.35	10.95	18.54	
132.82	-46.42	18.54	
176.34	-16.12	18.52	
235.14	11.69	18.52	
184.90	-46.47	18.52	
252.47	6.27	18.50	
25.69	-3.35	18.50	
262.63	30.77	18.49	
174.07	49.70	18.49	
277.02	-56.39	18.49	
198.17	5.94	18.49	
223.54	-6.49	18.48	
222.12	24.84	18.47	
0.46	0.02	18.46	
191.84	15.23	18.46	
167.15	56.35	18.46	
299.97	11.26	18.46	
4.25	40.35	18.45	
53.01	-36.58	18.43	
303.09	-12.14	18.42	
33.05	-43.84	18.39	
95.22	-38.01	18.38	
137.20	-84.26	18.36	
161.89	-48.13	18.34	
201.33	36.77	18.34	
352.12	22.60	18.33	
228.53	4.40	18.32	
193.43	14.06	18.32	
357.61	-0.86	18.29	
19.44	59.59	18.28	
182.09	30.05	18.27	
174.20	30.67	18.27	
32.11	-68.22	18.26	
135.86	2.99	18.26	
248.66	4.09	18.26	
327.62	-49.17	18.26	
190.00	58.84	18.25	
19.64	-4.20	18.22	
274.39	73.32	18.20	
275.13	77.10	18.20	
355.26	54.88	18.20	
193.28	-45.47	18.19	
296.60	41.64	18.19	
23.48	-51.34	18.18	
327.97	52.69	18.18	
242.24	-73.42	18.16	
23.39	-54.22	18.16	
115.84	24.02	18.15	
329.71	31.61	18.14	
128.57	-50.40	18.14	
314.40	16.35	18.13	
205.87	-4.37	18.12	
134.02	54.87	18.12	
242.48	27.27	18.10	
77.71	1.40	18.09	
185.08	26.74	18.04	
228.95	-67.88	18.04	
308.44	-54.51	18.02	
284.61	38.89	18.02	
72.26	31.07	18.02	
328.94	-12.63	18.01	
320.42	-76.31	18.00	
41.58	-74.98	17.99	
348.89	20.70	17.99	
357.07	-75.28	17.99	
116.29	-31.36	17.99	
123.79	62.49	17.98	
253.79	13.14	17.98	
34.14	-66.22	17.98	
135.78	39.40	17.98	
141.18	61.80	17.97	
358.18	59.83	17.97	
95.75	43.07	17.95	
140.24	-19.34	17.95	
7.82	53.01	17.94	
144.69	-2.75	17.93	
101.59	34.41	17.92	
221.14	-41.28	17.92	
62.85	-62.62	17.92	
55.12	-13.87	17.89	
310.92	-7.57	17.89	
191.97	0.86	17.88	
160.04	8.82	17.88	
301.63	18.88	17.88	
262.51	12.27	17.86	
288.82	67.59	17.86	
222.86	21.86	17.86	
106.57	-0.99	17.85	
354.18	50.81	17.85	
354.27	26.36	17.85	
298.45	-21.81	17.85	
74.84	-40.23	17.84	
67.57	-60.08	17.84	
191.64	-2.78	17.83	
266.64	31.73	17.81	
40.48	44.82	17.81	
85.47	-54.88	17.81	
154.64	5.62	17.80	
78.66	-32.33	17.79	
334.97	20.73	17.77	
359.10	0.02	17.77	
164.30	48.58	17.77	
73.10	20.21	17.75	
332.86	-48.72	17.75	
218.65	28.23	17.75	
54.61	-2.95	17.74	
8.51	84.34	17.73	
79.07	-7.13	17.72	
182.25	47.89	17.72	
281.99	53.58	17.70	
172.14	-38.00	17.70	
68.91	-79.35	17.70	
260.97	5.13	17.69	
326.28	5.18	17.68	
342.59	81.65	17.68	
197.97	9.60	17.67	
76.88	-20.34	17.66	
134.12	29.10	17.66	
261.34	24.36	17.66	
29.24	-24.94	17.66	
70.92	-54.50	17.65	
115.23	20.37	17.65	
147.53	-61.17	17.65	
358.24	37.80	17.65	
238.22	24.77	17.65	
322.91	-46.62	17.64	
168.37	-74.07	17.63	
82.09	-9.33	17.63	
231.83	23.35	17.62	
297.16	-69.18	17.62	
21.83	21.61	17.60	
331.47	-4.23	17.60	
125.24	15.21	17.60	
23.59	-48.62	17.60	
306.15	-82.44	17.60	
16.92	-39.06	17.60	
174.68	-28.86	17.59	
149.38	-17.46	17.59	
85.82	-31.32	17.57	
48.34	49.84	17.57	
152.48	5.64	17.56	
59.75	17.78	17.56	
144.62	-37.05	17.56	
357.39	-21.30	17.55	
299.41	0.55	17.54	
248.27	-21.96	17.53	
196.53	46.78	17.53	
175.21	3.83	17.52	
195.60	-25.05	17.52	
100.89	72.42	17.51	
155.40	-46.03	17.50	
238.06	-86.87	17.49	
143.73	34.98	17.48	
92.20	-35.66	17.48	
334.57	40.74	17.48	
320.03	-3.95	17.46	
347.76	-59.95	17.46	
208.66	-28.51	17.46	
119.22	-27.40	17.46	
162.38	49.14	17.46	
162.24	62.46	17.45	
299.59	25.62	17.44	
137.21	42.24	17.44	
234.53	62.15	17.43	
236.81	8.15	17.43	
93.44	-13.20	17.43	
41.43	2.00	17.43	
241.22	6.47	17.43	
270.04	-47.62	17.42	
78.58	-26.66	17.42	
234.62	6.98	17.40	
227.92	-23.91	17.40	
3.80	-5.97	17.39	
344.28	19.62	17.39	
209.86	-3.49	17.38	
336.21	71.12	17.37	
340.71	26.81	17.36	
56.13	-79.15	17.35	
91.92	86.42	17.34	
61.45	15.59	17.33	
299.65	15.82	17.32	
62.70	-6.15	17.32	
283.08	-70.68	17.31	
237.24	45.28	17.31	
30.25	-4.80	17.30	
224.32	-31.95	17.30	
33.44	8.06	17.29	
7.44	-40.37	17.29	
175.43	5.23	17.29	
310.17	-4.18	17.28	
166.58	-5.30	17.28	
73.63	9.49	17.27	
86.35	63.32	17.27	
353.85	15.92	17.25	
341.68	-20.12	17.25	
348.67	-36.36	17.23	
231.03	-44.63	17.23	
55.96	-37.81	17.23	
165.91	43.91	17.23	
99.97	-26.05	17.22	
69.08	7.04	17.22	
167.20	31.03	17.20	
302.70	-68.54	17.20	
305.53	61.70	17.19	
211.14	0.85	17.19	
191.99	2.99	17.18	
8.48	58.55	17.18	
139.46	-29.55	17.18	
178.46	-45.08	17.17	
214.30	1.30	17.17	
240.85	-16.34	17.16	
338.03	-45.65	17.16	
180.65	-29.66	17.16	
122.59	33.71	17.16	
140.31	-38.88	17.14	
253.45	22.30	17.14	
294.25	-35.92	17.14	
146.92	67.71	17.14	
143.59	-59.47	17.13	
29.42	43.75	17.11	
218.06	-46.81	17.10	
191.06	6.16	17.10	
131.95	36.85	17.09	
179.37	3.91	17.09	
195.21	-42.22	17.08	
343.92	18.41	17.07	
332.72	-22.48	17.07	
7.25	-7.41	17.06	
14.08	2.24	17.06	
323.03	21.13	17.06	
50.41	-50.12	17.06	
130.33	26.72	17.04	
47.34	-44.63	17.04	
157.81	-39.10	17.04	
51.47	-61.60	17.03	
150.14	39.94	17.03	
93.32	-11.80	17.03	
141.92	-30.39	17.02	
348.62	68.74	17.02	
181.20	8.13	17.02	
201.56	-16.97	17.00	
24.92	31.86	17.00	
169.41	27.32	16.99	
348.53	-35.03	16.98	
30.80	-42.70	16.98	
207.90	-23.59	16.98	
342.55	38.79	16.97	
34.39	7.63	16.96	
71.20	-21.82	16.95	
311.21	-18.38	16.94	
162.96	51.58	16.94	
134.02	34.44	16.94	
100.67	-4.43	16.93	
237.09	-0.16	16.93	
266.76	14.78	16.92	
182.28	-80.37	16.91	
306.01	37.72	16.90	
193.52	11.83	16.90	
259.87	-71.21	16.90	
100.80	12.65	16.90	
307.36	-15.24	16.89	
351.32	60.13	16.88	
4.82	61.21	16.88	
51.16	-68.10	16.88	
215.86	6.91	16.87	
165.70	-48.42	16.86	
356.92	-75.29	16.85	
114.10	-32.76	16.85	
154.05	-38.70	16.83	
219.05	33.69	16.83	
2.45	35.80	16.82	
294.40	-42.58	16.82	
109.86	46.80	16.82	
92.56	2.17	16.82	
265.16	-43.01	16.80	
200.28	27.53	16.79	
69.56	-50.01	16.79	
244.63	-12.42	16.79	
68.78	-50.94	16.78	
299.07	-7.05	16.78	
177.77	3.04	16.78	
59.85	-27.27	16.75	
118.25	-26.18	16.75	
349.44	2.03	16.74	
133.84	-58.41	16.74	
3.11	-64.19	16.74	
58.44	-19.83	16.72	
25.04	-11.98	16.71	
193.98	5.97	16.69	
164.35	56.00	16.68	
320.04	26.69	16.68	
259.67	9.06	16.67	
232.06	3.21	16.67	
21.09	-80.78	16.67	
206.88	30.50	16.66	
80.22	2.34	16.66	
111.08	13.20	16.66	
116.05	-16.34	16.65	
92.34	-69.42	16.65	
283.00	20.83	16.65	
240.13	-68.96	16.64	
316.13	37.80	16.64	
104.74	56.52	16.64	
285.70	13.89	16.63	
356.77	-26.14	16.63	
294.55	-25.24	16.61	
178.71	13.40	16.61	
233.49	4.43	16.61	
259.05	51.00	16.61	
119.02	36.62	16.61	
240.90	-7.86	16.60	
68.17	-56.30	16.59	
206.80	40.13	16.58	
122.45	-20.10	16.58	
28.42	48.65	16.58	
244.83	-30.31	16.58	
233.43	-21.06	16.58	
347.66	0.55	16.57	
346.92	56.08	16.57	
343.16	51.55	16.57	
102.87	-35.66	16.56	
99.87	17.87	16.56	
135.81	5.82	16.56	
120.84	43.43	16.55	
141.46	-46.18	16.55	
64.16	-20.36	16.54	
49.75	-11.35	16.54	
151.13	-12.41	16.53	
348.82	17.75	16.53	
174.53	-1.41	16.52	
356.58	5.17	16.52	
273.20	8.70	16.52	
309.90	-28.52	16.51	
143.97	-3.74	16.50	
207.03	13.80	16.50	
299.76	6.82	16.49	
134.96	11.42	16.47	
78.87	10.96	16.46	
72.34	-62.04	16.45	
231.56	61.70	16.45	
113.83	30.32	16.45	
53.25	-52.78	16.44	
210.21	45.73	16.44	
204.75	-35.34	16.44	
216.55	80.37	16.44	
128.66	48.46	16.44	
216.63	-59.00	16.43	
283.48	-73.86	16.43	
118.10	-0.82	16.43	
115.28	55.53	16.42	
221.18	-5.89	16.41	
287.14	7.20	16.41	
267.98	14.85	16.41	
288.40	-78.15	16.41	
4.18	49.34	16.40	
290.83	-75.15	16.39	
347.00	-53.96	16.39	
71.40	32.57	16.39	
228.92	0.18	16.38	
233.12	50.00	16.38	
122.90	-54.01	16.38	
231.10	-62.91	16.36	
219.39	-69.22	16.36	
119.84	15.16	16.36	
17.35	50.92	16.36	
34.26	-16.53	16.36	
300.52	-16.24	16.35	
339.87	30.59	16.35	
144.54	43.44	16.35	
308.63	-21.65	16.35	
332.55	37.81	16.35	
26.44	40.92	16.34	
178.58	52.78	16.34	
286.04	17.56	16.34	
155.70	-32.58	16.33	
317.06	56.88	16.33	
9.46	-7.02	16.32	
300.93	33.56	16.32	
307.16	29.63	16.31	
66.23	-30.25	16.31	
17.28	-69.12	16.31	
104.46	-31.10	16.31	
51.80	-46.92	16.30	
85.12	1.60	16.30	
121.04	32.20	16.30	
131.45	40.42	16.29	
226.58	-24.95	16.29	
217.60	-25.79	16.28	
352.42	32.47	16.28	
287.43	-43.22	16.28	
30.49	-30.04	16.26	
119.04	-62.05	16.26	
326.16	36.64	16.25	
162.70	71.88	16.25	
349.86	-63.19	16.24	
313.83	32.61	16.23	
79.41	-76.16	16.22	
108.01	18.13	16.21	
331.89	57.37	16.21	
194.42	73.42	16.21	
46.67	-59.21	16.20	
284.23	-54.30	16.20	
274.11	-29.71	16.20	
187.83	-27.98	16.20	
90.89	-46.87	16.20	
147.56	2.98	16.19	
67.08	14.08	16.18	
147.70	8.17	16.18	
153.86	24.62	16.17	
61.24	37.77	16.17	
120.53	-33.77	16.17	
223.58	-18.16	16.17	
217.59	35.15	16.17	
60.85	-42.91	16.16	
96.60	-11.85	16.16	
100.85	-56.81	16.14	
310.47	-0.16	16.14	
216.68	84.13	16.14	
94.81	59.84	16.14	
151.30	45.63	16.13	
279.67	-56.86	16.12	
21.59	-12.88	16.12	
11.35	-65.84	16.12	
323.10	-2.51	16.11	
215.01	66.34	16.11	
149.26	11.73	16.10	
259.41	71.30	16.10	
73.47	16.72	16.10	
323.79	-64.91	16.09	
252.98	-14.56	16.09	
1.96	27.54	16.09	
65.46	10.75	16.08	
172.34	-1.83	16.08	
188.85	-11.85	16.08	
338.60	-32.34	16.07	
191.55	-4.11	16.07	
232.85	-12.89	16.07	
82.63	-4.02	16.07	
241.58	-21.58	16.07	
138.77	-22.59	16.07	
225.62	-18.38	16.06	
194.86	-7.19	16.06	
272.41	-46.51	16.06	
68.85	28.31	16.05	
76.90	-6.65	16.05	
34.57	82.23	16.05	
44.29	29.08	16.04	
305.54	45.90	16.04	
144.01	32.60	16.04	
17.93	-4.85	16.04	
141.49	-5.86	16.03	
22.34	-59.75	16.03	
10.92	74.97	16.03	
328.57	56.41	16.03	
315.01	-40.43	16.01	
66.01	-11.90	16.01	
208.21	12.28	16.01	
116.01	-26.53	16.00	
238.49	36.82	15.99	
144.38	-30.29	15.99	
342.94	3.99	15.97	
62.61	14.50	15.96	
225.67	35.52	15.96	
20.30	79.94	15.96	
170.29	-2.20	15.95	
131.03	32.43	15.95	
233.91	3.94	15.94	
346.86	27.53	15.94	
124.40	-25.87	15.94	
76.38	4.11	15.94	
215.07	4.68	15.93	
4.87	62.60	15.92	
315.02	-51.84	15.92	
76.66	-4.34	15.92	
339.45	14.61	15.92	
351.49	-2.85	15.90	
77.49	-37.34	15.90	
212.36	40.34	15.89	
145.39	49.82	15.89	
320.31	19.38	15.89	
162.51	21.45	15.88	
252.01	-48.42	15.88	
238.27	6.58	15.87	
330.65	-8.91	15.87	
225.78	-8.95	15.87	
93.45	-30.47	15.86	
215.50	81.68	15.86	
7.93	60.01	15.86	
205.89	22.56	15.85	
159.27	-48.76	15.85	
45.23	33.04	15.85	
16.55	19.31	15.85	
339.66	26.75	15.83	
122.76	44.08	15.83	
299.92	1.85	15.82	
193.65	27.05	15.82	
211.06	50.87	15.82	
110.38	4.31	15.82	
225.96	15.50	15.81	
62.75	71.75	15.81	
80.09	10.75	15.80	
212.06	38.08	15.80	
55.13	-75.82	15.79	
81.12	-34.98	15.79	
199.86	-9.40	15.79	
220.39	-21.72	15.78	
19.72	-11.62	15.78	
170.10	0.72	15.76	
254.07	59.86	15.76	
167.76	1.25	15.75	
159.48	-36.63	15.75	
8.35	42.54	15.75	
297.83	50.19	15.75	
341.32	-58.35	15.74	
227.84	87.04	15.74	
75.63	71.76	15.74	
252.00	11.59	15.73	
324.27	7.17	15.72	
172.61	-5.55	15.72	
325.87	25.32	15.71	
33.61	30.29	15.70	
318.56	-38.05	15.70	
307.95	-49.52	15.70	
222.37	-6.40	15.69	
340.34	-28.62	15.69	
183.66	-31.78	15.68	
89.26	32.60	15.68	
332.52	13.14	15.68	
33.65	-12.02	15.67	
139.11	-58.97	15.67	
42.86	24.30	15.67	
162.86	53.93	15.65	
36.93	-68.37	15.65	
105.73	15.09	15.64	
62.78	39.93	15.64	
26.49	35.39	15.64	
325.19	-1.45	15.63	
202.94	-54.42	15.63	
20.57	-17.14	15.62	
105.49	13.37	15.62	
334.97	-68.62	15.62	
157.20	9.59	15.62	
75.61	8.66	15.61	
250.72	28.11	15.61	
123.70	-58.89	15.61	
284.19	-76.85	15.60	
341.71	29.64	15.60	
133.19	-43.30	15.60	
2.14	-37.92	15.60	
290.72	17.95	15.59	
251.35	-11.58	15.59	
227.69	-45.93	15.58	
213.61	-3.41	15.58	
198.65	9.36	15.58	
239.08	21.49	15.57	
86.16	-34.17	15.57	
154.65	42.99	15.56	
283.76	7.60	15.56	
128.83	12.84	15.55	
52.48	-41.36	15.53	
226.37	-3.89	15.53	
293.67	-2.58	15.53	
127.24	-49.10	15.52	
102.33	15.75	15.51	
82.47	-71.18	15.50	
36.57	4.02	15.49	
0.19	35.77	15.49	
249.39	80.25	15.48	
311.17	38.82	15.48	
311.70	-15.10	15.48	
26.91	-63.99	15.47	
232.50	-65.63	15.47	
337.17	-21.70	15.47	
117.15	-14.86	15.47	
204.47	-12.98	15.46	
169.21	-41.83	15.46	
284.71	-78.82	15.46	
186.25	-78.19	15.45	
108.68	-39.88	15.45	
208.01	35.27	15.45	
335.88	42.76	15.44	
68.43	23.50	15.44	
216.90	35.41	15.43	
272.01	21.41	15.43	
73.34	-23.53	15.42	
167.50	40.50	15.42	
297.26	4.48	15.41	
85.18	0.00	15.41	
139.46	-61.15	15.41	
232.09	-2.67	15.41	
74.69	-48.63	15.40	
102.70	45.11	15.40	
91.51	-6.89	15.40	
288.93	18.64	15.40	
33.42	-8.37	15.40	
220.70	-30.72	15.40	
196.95	-12.83	15.39	
220.36	11.17	15.39	
146.07	4.93	15.39	
206.66	-51.85	15.39	
307.63	-5.33	15.39	
136.00	-47.34	15.38	
201.63	-31.81	15.37	
157.94	-43.42	15.36	
249.36	31.09	15.35	
317.70	73.88	15.34	
62.10	-47.35	15.34	
330.37	14.54	15.32	
200.65	50.23	15.32	
125.38	-38.89	15.31	
91.27	43.56	15.31	
212.83	42.55	15.31	
53.94	-81.04	15.30	
291.82	67.56	15.30	
357.20	-22.08	15.30	
231.29	34.22	15.29	
238.78	-22.55	15.28	
241.85	-15.31	15.27	
317.15	-24.78	15.26	
6.35	-88.55	15.25	
83.16	12.07	15.25	
133.87	-24.64	15.25	
185.57	-31.13	15.25	
138.15	0.35	15.25	
68.65	-30.26	15.24	
50.16	-0.85	15.23	
202.74	-71.75	15.23	
14.35	-1.85	15.22	
309.62	-6.94	15.22	
228.48	-8.62	15.22	
166.76	-66.55	15.22	
240.16	-12.84	15.21	
291.44	-2.02	15.21	
226.93	-1.69	15.21	
242.78	-64.21	15.20	
290.43	60.37	15.20	
192.36	-11.54	15.19	
256.37	36.06	15.19	
82.60	29.88	15.18	
340.93	60.44	15.17	
161.54	-41.96	15.17	
240.09	10.31	15.17	
50.26	-60.68	15.16	
318.41	55.44	15.16	
245.48	5.31	15.15	
337.08	-23.55	15.14	
70.33	-27.91	15.13	
230.16	26.81	15.12	
156.21	-44.25	15.12	
284.25	13.91	15.11	
197.35	-11.26	15.11	
45.25	-60.66	15.11	
209.04	37.03	15.11	
301.39	5.18	15.11	
298.13	12.22	15.11	
196.91	6.64	15.10	
139.89	42.18	15.10	
314.69	-27.01	15.10	
140.47	15.26	15.10	
18.05	-2.39	15.10	
169.55	-5.64	15.08	
331.30	62.84	15.08	
315.65	20.30	15.05	
75.99	-59.33	15.05	
106.39	-3.91	15.05	
31.01	-22.60	15.05	
184.30	-23.09	15.04	
270.09	69.33	15.04	
358.92	-21.22	15.03	
97.78	-2.39	15.02	
175.64	-9.60	15.02	
310.10	-5.48	15.01	
154.29	8.58	15.01	
119.36	-36.67	15.00	
49.31	-61.70	15.00	
105.13	43.51	15.00	
130.23	-23.07	15.00	
35.42	42.22	14.99	
298.76	41.91	14.99	
235.35	-48.90	14.98	
219.75	-76.46	14.98	
138.36	14.26	14.97	
352.97	-72.02	14.96	
144.82	14.59	14.94	
66.70	-50.12	14.94	
76.39	-11.99	14.94	
214.37	-10.80	14.94	
286.33	0.97	14.93	
2.42	15.99	14.92	
121.74	18.28	14.92	
107.96	25.89	14.92	
114.35	-28.16	14.91	
279.17	-17.63	14.91	
198.75	25.04	14.91	
250.33	63.58	14.90	
105.05	-32.20	14.90	
72.77	-1.01	14.90	
248.74	46.78	14.89	
251.87	34.46	14.89	
215.07	13.41	14.88	
36.53	14.18	14.87	
343.71	-43.86	14.87	
196.20	38.75	14.87	
160.15	33.37	14.86	
50.38	-41.82	14.86	
176.42	63.06	14.86	
117.39	38.10	14.84	
298.18	78.27	14.84	
311.52	24.17	14.84	
60.41	-48.67	14.84	
199.36	10.33	14.83	
172.19	-16.65	14.83	
60.36	-24.42	14.83	
207.36	-45.28	14.82	
244.93	-2.11	14.82	
172.74	-8.63	14.82	
152.84	1.08	14.81	
358.91	-23.54	14.81	
54.27	-43.39	14.81	
350.68	-0.08	14.81	
95.75	-33.35	14.80	
47.47	-50.37	14.79	
119.28	30.97	14.78	
90.57	61.58	14.78	
127.28	63.61	14.78	
191.56	80.78	14.78	
239.79	6.23	14.78	
121.02	-57.06	14.78	
75.94	73.84	14.78	
332.74	11.81	14.77	
280.36	21.87	14.76	
302.29	25.31	14.75	
14.06	26.60	14.75	
214.44	22.09	14.75	
247.05	-64.75	14.75	
163.35	-43.42	14.74	
15.80	-7.71	14.74	
179.32	73.11	14.73	
124.65	3.66	14.73	
198.13	-25.15	14.73	
335.90	51.56	14.72	
104.97	-22.19	14.72	
219.88	0.51	14.71	
2.75	48.59	14.71	
270.90	20.54	14.70	
119.86	-42.43	14.70	
180.76	46.94	14.70	
88.73	-64.01	14.69	
222.79	-50.30	14.69	
348.16	22.60	14.68	
228.13	8.85	14.68	
212.55	55.40	14.68	
186.00	-38.31	14.67	
234.97	50.27	14.67	
98.54	-19.69	14.67	
255.90	39.83	14.67	
219.11	8.08	14.66	
315.29	50.89	14.66	
169.26	38.30	14.65	
191.43	6.48	14.65	
118.93	13.63	14.65	
175.02	-50.27	14.64	
61.50	33.98	14.64	
68.60	26.34	14.64	
356.68	55.12	14.64	
90.44	-5.84	14.64	
228.00	51.19	14.63	
285.48	-20.58	14.63	
34.55	29.31	14.62	
169.29	20.00	14.62	
195.40	7.60	14.61	
78.95	14.02	14.61	
242.99	81.86	14.60	
44.06	50.62	14.60	
294.23	43.82	14.59	
339.91	40.92	14.59	
127.64	35.20	14.59	
330.73	45.22	14.59	
239.76	-67.86	14.58	
128.37	64.28	14.57	
134.50	-25.59	14.57	
70.23	5.40	14.57	
127.50	1.53	14.57	
243.69	-2.09	14.57	
103.17	2.59	14.57	
157.93	-55.20	14.56	
321.88	74.16	14.54	
24.51	11.35	14.53	
217.46	-29.00	14.53	
6.64	62.46	14.52	
104.16	34.17	14.52	
77.72	30.97	14.52	
150.68	-57.75	14.52	
123.33	17.16	14.51	
112.49	11.73	14.51	
333.03	24.44	14.51	
60.44	-60.73	14.50	
252.79	-18.22	14.50	
154.41	-19.23	14.50	
92.63	39.53	14.48	
274.58	21.63	14.48	
282.39	-21.95	14.47	
356.80	72.29	14.47	
186.95	-35.94	14.47	
26.56	-60.88	14.46	
220.68	28.96	14.46	
41.72	15.88	14.46	
3.84	4.28	14.46	
326.46	-31.48	14.46	
49.08	-8.34	14.45	
69.21	44.41	14.45	
107.62	-36.68	14.45	
98.81	40.71	14.44	
190.82	25.32	14.44	
352.17	-10.53	14.44	
282.30	22.85	14.44	
170.26	47.97	14.43	
195.66	8.77	14.43	
282.27	-78.18	14.42	
130.03	34.28	14.42	
15.26	-8.58	14.41	
182.58	-33.02	14.41	
212.04	74.62	14.41	
39.30	-9.28	14.40	
254.13	19.25	14.39	
216.55	-10.18	14.38	
63.81	16.53	14.36	
82.32	58.66	14.36	
130.32	-53.36	14.36	
3.84	-34.20	14.35	
13.62	50.78	14.35	
339.74	-12.30	14.35	
263.81	34.26	14.35	
106.77	-83.44	14.35	
158.73	-24.78	14.35	
22.01	-20.31	14.34	
105.12	57.34	14.34	
201.98	7.21	14.34	
114.61	-44.53	14.33	
20.71	-49.46	14.32	
138.43	-46.24	14.32	
208.20	-36.09	14.32	
289.88	-7.98	14.32	
301.06	30.09	14.31	
205.80	-35.74	14.31	
330.55	9.07	14.30	
334.26	33.57	14.30	
273.39	6.86	14.29	
116.34	9.28	14.29	
302.40	27.83	14.29	
305.76	-4.72	14.29	
257.04	62.81	14.28	
343.81	34.81	14.28	
61.98	80.59	14.28	
150.15	48.18	14.28	
145.45	-35.44	14.28	
107.61	41.61	14.28	
143.23	14.54	14.27	
166.23	-27.90	14.27	
150.71	2.85	14.26	
30.75	-47.18	14.25	
317.52	31.47	14.25	
27.02	26.08	14.25	
358.19	13.38	14.22	
220.26	-39.00	14.22	
135.13	23.04	14.22	
192.80	46.00	14.22	
341.46	-3.59	14.22	
329.24	66.45	14.22	
125.85	32.09	14.21	
33.66	-45.79	14.20	
8.60	38.65	14.20	
30.22	8.34	14.20	
173.98	73.40	14.19	
293.39	-41.62	14.19	
227.93	-53.95	14.18	
0.09	28.30	14.17	
107.73	-23.30	14.17	
174.29	-12.53	14.17	
344.03	-42.22	14.16	
126.29	11.62	14.16	
249.30	-23.11	14.15	
134.72	-2.72	14.15	
56.26	32.50	14.15	
201.05	-25.65	14.15	
285.25	-57.64	14.15	
358.27	23.55	14.15	
90.58	31.75	14.14	
242.71	-3.24	14.14	
157.53	48.27	14.13	
55.86	44.05	14.13	
6.55	35.36	14.12	
162.18	67.47	14.12	
11.11	55.83	14.12	
145.69	44.68	14.12	
254.44	-45.77	14.10	
122.13	-29.27	14.10	
159.03	-39.65	14.10	
317.83	-35.65	14.10	
102.32	25.86	14.09	
89.73	-4.15	14.09	
324.18	1.18	14.08	
290.98	-4.73	14.08	
208.16	39.06	14.08	
214.76	-67.41	14.07	
286.10	-51.41	14.07	
139.42	-10.37	14.07	
123.18	-27.05	14.07	
335.96	-24.21	14.07	
298.89	14.25	14.07	
347.42	45.28	14.06	
223.99	-41.86	14.06	
210.32	-29.82	14.05	
186.65	29.74	14.04	
63.67	35.58	14.04	
338.92	50.23	14.04	
316.92	-24.00	14.03	
6.15	-4.57	14.03	
177.80	-51.46	14.03	
7.69	34.99	14.03	
124.35	40.81	14.03	
328.86	36.14	14.02	
312.48	-26.38	14.02	
274.30	24.57	14.01	
105.12	-20.87	14.00	
325.46	27.48	14.00	
180.44	33.32	14.00	
185.27	7.32	13.99	
229.07	-13.21	13.99	
303.23	15.27	13.98	
214.64	25.36	13.98	
298.41	36.65	13.98	
40.06	-13.94	13.98	
119.09	34.41	13.97	
114.35	-14.31	13.97	
315.24	32.75	13.97	
102.44	12.71	13.97	
308.83	55.25	13.97	
320.98	62.90	13.96	
203.01	5.39	13.95	
51.11	-56.77	13.95	
130.87	-32.38	13.95	
199.05	23.69	13.94	
123.26	12.41	13.93	
87.45	56.08	13.93	
91.35	70.97	13.93	
224.37	28.81	13.93	
227.47	2.61	13.93	
157.01	-46.58	13.93	
292.75	45.32	13.92	
354.35	-29.06	13.92	
140.90	4.79	13.92	
130.97	-19.91	13.91	
88.54	4.95	13.91	
327.88	3.35	13.90	
139.65	-50.87	13.90	
103.63	41.64	13.89	
252.62	71.48	13.89	
151.43	-46.98	13.89	
334.00	53.26	13.89	
77.45	-5.34	13.89	
112.00	34.30	13.88	
205.26	55.86	13.88	
128.34	37.33	13.87	
302.88	73.70	13.87	
29.25	40.47	13.87	
204.99	-23.19	13.87	
173.45	69.25	13.86	
102.54	36.18	13.86	
203.98	22.53	13.85	
332.39	-32.57	13.85	
238.42	28.49	13.85	
227.95	0.02	13.84	
167.46	26.58	13.84	
332.45	43.64	13.83	
67.20	-29.32	13.83	
40.91	-47.63	13.82	
107.77	-7.69	13.82	
157.62	-60.77	13.82	
328.33	-5.30	13.81	
304.38	17.52	13.81	
142.61	43.07	13.81	
127.29	32.47	13.80	
87.24	-34.89	13.80	
79.39	-3.20	13.80	
349.40	67.74	13.80	
340.03	-8.61	13.79	
42.55	40.27	13.79	
66.79	-15.50	13.78	
130.45	48.86	13.78	
225.27	0.35	13.77	
48.54	30.90	13.77	
125.79	-31.85	13.76	
143.31	-24.42	13.76	
83.23	11.11	13.75	
221.44	-36.84	13.75	
262.20	17.60	13.74	
122.21	10.91	13.74	
183.72	41.52	13.74	
138.39	-28.99	13.74	
345.26	46.80	13.74	
104.37	-62.27	13.73	
204.93	-22.40	13.73	
250.52	77.45	13.73	
96.73	33.14	13.73	
193.86	52.14	13.72	
107.55	27.37	13.72	
4.19	29.97	13.71	
320.58	-43.00	13.71	
150.52	-40.95	13.71	
253.26	58.26	13.70	
150.26	9.36	13.70	
331.59	-1.38	13.70	
118.01	-18.34	13.70	
338.84	-31.44	13.69	
184.68	30.69	13.69	
300.66	-47.99	13.68	
137.45	40.21	13.68	
89.02	31.23	13.68	
17.76	17.53	13.67	
174.86	33.43	13.66	
243.00	-36.67	13.66	
66.98	12.82	13.66	
296.91	-37.57	13.65	
232.01	-45.73	13.65	
248.68	-49.01	13.65	
158.51	-31.03	13.65	
240.46	-32.77	13.64	
183.18	-0.70	13.64	
237.28	57.12	13.63	
84.01	-25.27	13.63	
259.24	74.99	13.62	
53.90	38.72	13.62	
353.47	18.11	13.62	
336.52	-5.76	13.62	
15.03	-6.24	13.61	
149.97	-46.87	13.61	
120.09	1.25	13.60	
165.81	-40.45	13.60	
169.90	-7.78	13.60	
72.33	39.93	13.60	
225.81	4.96	13.60	
185.39	-32.87	13.59	
174.96	81.85	13.59	
290.78	54.82	13.58	
324.96	29.82	13.58	
218.19	48.10	13.58	
72.10	-4.08	13.58	
202.36	35.38	13.58	
106.49	32.61	13.58	
68.46	14.24	13.57	
302.96	42.76	13.56	
118.16	-24.42	13.55	
285.60	82.14	13.55	
281.99	0.98	13.55	
79.09	-22.78	13.54	
318.69	-13.84	13.54	
334.83	-30.54	13.53	
158.47	-77.42	13.53	
16.65	-18.71	13.53	
307.71	56.26	13.53	
167.11	-59.39	13.52	
197.27	-8.73	13.52	
14.91	-59.93	13.52	
254.53	-63.92	13.52	
181.52	-18.17	13.52	
129.67	-40.50	13.51	
298.16	29.22	13.49	
78.59	-21.79	13.48	
324.84	-34.75	13.47	
143.92	33.04	13.47	
68.34	38.91	13.47	
287.51	-69.39	13.46	
113.31	4.59	13.46	
285.44	-43.25	13.46	
309.15	0.58	13.45	
193.34	-15.44	13.45	
189.27	-32.23	13.45	
308.29	46.65	13.45	
335.14	-77.64	13.45	
246.50	3.50	13.45	
289.62	-74.11	13.44	
278.28	-1.21	13.44	
328.24	37.08	13.43	
66.30	-28.20	13.42	
224.21	38.58	13.42	
100.93	35.96	13.42	
85.02	-29.29	13.42	
183.85	-27.84	13.42	
7.57	-12.79	13.41	
61.48	-28.42	13.41	
134.71	14.91	13.40	
91.35	-11.50	13.40	
199.94	-21.12	13.40	
136.49	-26.18	13.39	
63.17	67.82	13.39	
268.90	-48.67	13.39	
137.62	9.64	13.38	
117.60	-35.44	13.38	
176.19	67.50	13.37	
352.15	66.52	13.37	
62.11	-38.47	13.36	
62.37	47.44	13.35	
313.56	-5.74	13.35	
170.79	50.16	13.35	
34.85	-20.42	13.35	
183.38	-82.10	13.34	
328.27	28.26	13.32	
127.68	-47.03	13.32	
139.12	36.93	13.31	
111.65	-0.53	13.30	
63.69	69.74	13.30	
312.77	36.02	13.29	
141.58	22.19	13.29	
330.16	50.04	13.28	
348.55	34.56	13.28	
158.30	30.45	13.27	
55.43	14.16	13.27	
25.46	-62.63	13.27	
7.50	47.83	13.27	
92.67	-57.12	13.27	
128.27	26.21	13.27	
149.78	38.09	13.26	
157.79	-30.22	13.26	
288.01	30.06	13.26	
186.01	38.55	13.25	
291.64	-11.99	13.25	
189.02	39.39	13.25	
54.88	-41.97	13.25	
319.94	-19.99	13.25	
131.50	-55.75	13.24	
3.33	43.22	13.24	
336.00	15.86	13.24	
231.53	-58.47	13.24	
217.12	3.55	13.23	
213.85	22.47	13.23	
222.03	-28.19	13.23	
200.70	-4.02	13.23	
352.11	67.88	13.23	
293.35	50.03	13.22	
235.80	47.45	13.21	
123.17	-6.16	13.21	
318.61	-61.40	13.21	
229.93	-60.77	13.20	
213.29	-15.37	13.20	
324.64	-41.10	13.20	
353.15	14.62	13.19	
34.69	-7.30	13.19	
69.21	4.63	13.18	
209.73	12.23	13.17	
246.80	32.35	13.17	
28.77	20.98	13.17	
350.67	59.93	13.17	
273.47	-48.40	13.17	
341.22	16.74	13.16	
321.74	-21.50	13.16	
318.03	-77.81	13.14	
24.03	-10.26	13.14	
122.09	-22.85	13.13	
327.43	58.12	13.13	
81.07	-15.19	13.13	
163.27	-42.32	13.12	
60.83	-31.22	13.12	
231.12	37.71	13.12	
280.14	-55.04	13.11	
209.79	38.81	13.11	
80.90	-25.53	13.10	
349.62	43.33	13.10	
66.91	-58.40	13.10	
351.61	-61.73	13.10	
353.15	12.58	13.10	
110.38	18.44	13.09	
41.55	68.00	13.09	
15.04	-4.44	13.09	
177.77	36.67	13.09	
109.85	-26.57	13.08	
80.07	-24.26	13.07	
320.48	-56.53	13.06	
78.70	-47.82	13.05	
245.56	-15.01	13.05	
0.85	55.86	13.05	
207.55	26.88	13.04	
156.89	5.64	13.03	
251.96	-30.86	13.03	
171.41	-18.64	13.03	
110.27	-8.62	13.03	
328.53	23.13	13.03	
239.00	-9.12	13.03	
219.11	3.85	13.03	
63.92	41.32	13.03	
31.77	48.68	13.03	
169.88	-1.03	13.02	
55.64	-52.07	13.02	
147.53	9.41	13.02	
192.29	43.67	13.01	
350.91	40.35	13.01	
266.38	68.77	13.01	
310.53	41.59	13.01	
44.89	-57.22	13.00	
0.70	-19.95	13.00	
47.03	16.67	12.99	
200.09	-36.42	12.99	
315.80	-64.83	12.99	
73.07	36.98	12.99	
154.21	-40.60	12.98	
25.44	9.72	12.97	
40.07	27.09	12.97	
179.87	64.58	12.97	
0.94	44.89	12.96	
107.24	21.48	12.96	
270.28	77.06	12.96	
209.41	-45.27	12.96	
138.31	-52.42	12.96	
38.10	-35.09	12.95	
301.63	-37.00	12.95	
225.05	62.30	12.95	
88.87	-14.95	12.94	
160.96	47.01	12.94	
60.28	43.26	12.94	
103.38	33.17	12.93	
74.50	-50.18	12.93	
194.12	18.76	12.93	
235.14	29.96	12.93	
261.96	-46.68	12.93	
238.43	29.67	12.93	
128.73	-31.92	12.92	
1.45	47.22	12.92	
31.13	-46.06	12.92	
322.92	60.08	12.91	
195.67	-28.68	12.90	
106.14	48.05	12.90	
42.64	30.58	12.90	
78.51	-77.80	12.90	
119.00	16.88	12.90	
172.41	54.75	12.90	
336.30	-1.06	12.88	
213.71	-46.17	12.88	
197.01	73.86	12.88	
228.92	-47.27	12.88	
180.61	-12.02	12.87	
346.78	-6.21	12.87	
149.67	-84.92	12.87	
227.01	29.23	12.86	
152.71	31.25	12.86	
210.66	17.85	12.86	
308.56	2.59	12.85	
225.75	-39.16	12.85	
33.03	-20.46	12.85	
29.08	-18.92	12.84	
65.87	71.64	12.83	
101.12	1.65	12.83	
212.31	15.06	12.83	
326.52	-28.28	12.83	
9.34	27.32	12.83	
239.84	39.50	12.82	
86.24	9.25	12.81	
127.66	41.87	12.81	
253.57	42.72	12.80	
309.11	80.31	12.80	
300.58	23.79	12.80	
109.43	-37.99	12.80	
209.21	-19.40	12.80	
103.71	51.07	12.80	
197.50	12.92	12.80	
215.13	9.16	12.80	
173.60	-1.45	12.79	
354.84	22.75	12.79	
101.24	-37.60	12.79	
26.57	-9.86	12.79	
112.26	-67.31	12.79	
84.23	-30.57	12.78	
70.91	-7.54	12.78	
318.94	29.74	12.78	
208.69	-12.40	12.78	
32.94	41.68	12.77	
102.62	11.43	12.77	
138.01	49.95	12.77	
121.83	29.58	12.76	
46.04	47.20	12.76	
356.99	11.58	12.75	
2.32	-65.21	12.75	
94.62	26.23	12.75	
32.06	-2.39	12.75	
19.53	25.25	12.75	
4.72	21.86	12.75	
280.70	-12.57	12.74	
154.46	6.80	12.74	
29.62	36.67	12.74	
254.09	-48.45	12.73	
282.00	-49.38	12.73	
195.11	38.28	12.73	
168.39	-22.06	12.73	
186.65	-52.23	12.73	
354.31	-1.47	12.72	
328.02	24.79	12.72	
190.34	28.97	12.72	
80.19	30.03	12.72	
88.31	6.41	12.72	
244.84	36.63	12.71	
351.63	32.26	12.71	
112.29	25.99	12.70	
139.54	-65.23	12.70	
336.60	-82.43	12.69	
11.88	69.90	12.69	
287.15	51.44	12.69	
195.66	44.66	12.69	
202.03	-32.95	12.68	
134.83	-23.71	12.68	
278.12	-58.58	12.68	
3.78	47.36	12.67	
292.50	-36.33	12.67	
297.69	-51.10	12.66	
45.80	25.71	12.66	
235.91	-61.40	12.66	
314.30	-4.03	12.65	
221.81	2.64	12.65	
206.08	36.17	12.65	
201.11	-29.03	12.65	
126.15	25.44	12.65	
109.52	-13.81	12.65	
233.15	10.89	12.63	
85.99	11.11	12.63	
302.23	-16.14	12.63	
102.17	46.07	12.63	
165.69	-36.65	12.62	
178.57	-8.07	12.62	
240.21	26.72	12.61	
48.35	-24.83	12.61	
129.87	27.54	12.61	
49.66	8.91	12.61	
22.75	-4.62	12.60	
206.70	51.41	12.60	
8.42	50.75	12.59	
130.23	24.47	12.58	
193.60	-34.92	12.58	
324.81	39.11	12.58	
321.59	34.42	12.58	
32.27	85.07	12.58	
253.17	-53.77	12.58	
186.18	26.38	12.58	
90.05	62.86	12.57	
21.97	0.13	12.57	
153.62	-60.11	12.57	
287.37	-41.53	12.57	
340.93	-41.97	12.56	
312.06	2.91	12.56	
298.96	-51.91	12.55	
251.05	-17.61	12.55	
102.76	43.47	12.55	
131.96	31.14	12.55	
56.22	22.75	12.55	
332.28	27.32	12.55	
334.53	-17.50	12.55	
234.42	21.22	12.54	
29.55	14.75	12.54	
65.11	44.04	12.53	
77.80	23.24	12.53	
40.81	-17.69	12.53	
320.17	73.20	12.52	
2.30	-1.14	12.52	
283.00	47.93	12.51	
42.86	-19.83	12.51	
194.25	14.27	12.51	
205.71	57.92	12.51	
120.67	-44.21	12.50	
110.82	29.27	12.50	
57.49	-70.89	12.50	
0.77	-5.52	12.50	
334.92	-38.18	12.50	
182.13	16.81	12.50	
214.85	-7.35	12.49	
327.44	-5.79	12.49	
149.16	45.23	12.48	
151.42	-43.93	12.48	
188.17	-9.59	12.48	
51.87	39.26	12.48	
51.33	-8.06	12.47	
275.54	-42.13	12.47	
145.37	-8.23	12.47	
220.80	65.97	12.47	
273.37	26.06	12.46	
80.72	10.10	12.46	
289.41	-19.23	12.46	
95.26	38.29	12.46	
117.59	5.68	12.45	
105.52	-41.06	12.44	
46.38	-64.79	12.44	
45.44	-44.10	12.44	
213.83	-7.20	12.40	
242.14	-28.46	12.40	
155.40	48.62	12.39	
193.50	-58.22	12.39	
211.49	-11.66	12.39	
17.68	-43.99	12.39	
11.64	-67.97	12.39	
224.79	-19.92	12.38	
146.93	40.43	12.38	
203.90	29.34	12.38	
99.41	-1.01	12.37	
340.34	34.29	12.37	
126.27	-52.80	12.37	
318.29	6.35	12.37	
295.20	49.35	12.37	
245.65	-19.98	12.36	
166.08	85.07	12.36	
358.58	-19.41	12.36	
142.98	-2.21	12.36	
29.06	69.26	12.35	
213.14	-44.16	12.35	
330.89	41.81	12.35	
95.67	35.62	12.34	
70.90	-33.85	12.34	
181.19	-25.40	12.34	
124.83	20.65	12.34	
316.88	-32.69	12.34	
293.85	-39.84	12.33	
63.99	-3.02	12.33	
197.12	10.97	12.32	
140.96	20.75	12.32	
262.37	-59.17	12.32	
85.95	60.61	12.31	
320.99	-41.08	12.31	
109.09	-24.31	12.31	
37.67	17.15	12.30	
116.58	34.80	12.30	
331.80	-5.73	12.30	
16.91	-58.58	12.30	
358.77	48.20	12.29	
301.78	20.93	12.29	
260.65	20.96	12.29	
329.58	43.43	12.29	
71.11	65.60	12.28	
130.65	-19.24	12.28	
315.60	4.53	12.28	
250.42	-28.63	12.28	
278.36	-9.95	12.28	
63.52	32.33	12.27	
97.16	1.92	12.27	
307.91	-44.39	12.27	
56.73	-27.62	12.26	
107.90	-9.55	12.26	
292.60	24.76	12.26	
142.90	25.61	12.25	
135.79	-37.95	12.25	
299.11	62.03	12.25	
139.91	-52.15	12.25	
57.52	32.23	12.25	
177.89	-78.24	12.24	
6.39	-40.38	12.24	
260.82	17.65	12.24	
185.81	17.53	12.23	
299.55	37.22	12.23	
60.95	0.03	12.22	
225.23	-14.13	12.22	
158.60	35.52	12.22	
70.24	-36.58	12.22	
154.28	-33.99	12.22	
199.90	21.17	12.21	
4.25	-35.01	12.21	
143.67	-14.48	12.21	
187.77	46.76	12.21	
234.37	-39.17	12.20	
197.64	-75.28	12.20	
215.34	36.04	12.20	
282.01	-10.45	12.20	
48.59	42.96	12.19	
106.44	45.15	12.19	
92.81	0.40	12.19	
307.30	20.79	12.19	
88.00	-24.19	12.18	
196.34	42.86	12.18	
187.04	45.48	12.18	
359.36	5.19	12.18	
80.02	-46.77	12.17	
76.41	-36.05	12.17	
347.32	-7.55	12.17	
92.76	-41.52	12.17	
343.45	27.30	12.17	
212.22	34.80	12.16	
47.45	6.41	12.16	
40.10	27.03	12.15	
200.04	-43.00	12.15	
203.16	11.13	12.15	
28.17	-16.09	12.14	
247.98	-14.42	12.14	
149.95	76.49	12.14	
205.06	-23.73	12.14	
288.27	31.56	12.14	
56.83	55.27	12.14	
142.36	16.32	12.13	
121.18	38.03	12.12	
30.57	40.54	12.12	
334.95	48.34	12.11	
97.57	-35.15	12.11	
168.61	64.48	12.10	
302.67	60.05	12.10	
127.89	-81.78	12.10	
2.91	-17.44	12.10	
78.89	-30.17	12.09	
305.51	-53.64	12.09	
16.39	21.42	12.09	
123.58	-43.56	12.09	
139.72	45.25	12.09	
89.04	64.80	12.08	
102.73	33.44	12.08	
58.15	-53.96	12.08	
201.14	-62.94	12.08	
296.49	56.54	12.07	
76.53	-40.38	12.07	
242.93	83.98	12.06	
357.75	32.19	12.06	
121.38	12.57	12.06	
161.76	-2.55	12.06	
122.35	-36.31	12.06	
165.90	-41.81	12.05	
284.85	34.53	12.05	
197.94	-41.55	12.05	
24.32	70.16	12.04	
247.44	-37.96	12.04	
40.34	6.14	12.03	
308.75	20.31	12.03	
330.01	-53.73	12.03	
328.89	14.42	12.03	
95.88	0.70	12.03	
149.71	-67.82	12.03	
213.88	-18.31	12.03	
329.17	-31.97	12.02	
55.89	-18.58	12.02	
100.96	-8.00	12.01	
197.97	41.64	12.01	
352.05	-59.25	12.00	
146.92	2.19	12.00	
293.14	64.60	12.00	
253.76	-28.48	11.99	
198.80	-4.61	11.99	
114.12	35.59	11.99	
357.58	-72.65	11.99	
202.66	28.04	11.98	
199.85	-11.79	11.98	
225.52	17.41	11.98	
104.04	-27.56	11.97	
326.27	-26.02	11.97	
258.49	-29.90	11.97	
150.64	7.96	11.97	
54.46	39.99	11.96	
44.36	69.85	11.96	
320.39	-5.65	11.94	
202.83	39.85	11.94	
216.29	27.88	11.93	
73.89	74.57	11.92	
32.86	-64.93	11.92	
223.99	-21.87	11.91	
134.94	-49.17	11.91	
20.12	-1.86	11.90	
258.77	-41.04	11.90	
181.55	25.01	11.90	
52.51	-23.09	11.89	
184.84	-36.31	11.89	
330.71	-49.24	11.89	
140.14	48.13	11.88	
209.58	-25.79	11.87	
177.26	10.00	11.87	
338.76	-30.26	11.86	
128.81	22.34	11.86	
328.67	-13.89	11.86	
54.85	24.00	11.86	
126.62	31.14	11.85	
118.56	-23.39	11.85	
306.91	18.08	11.85	
274.86	-4.06	11.83	
178.53	-23.28	11.82	
8.95	-63.58	11.81	
135.31	12.28	11.81	
21.42	-44.13	11.81	
301.67	58.72	11.81	
184.61	-50.67	11.80	
145.04	23.82	11.80	
138.03	25.59	11.80	
205.97	52.60	11.80	
139.84	-5.08	11.79	
165.61	-56.93	11.79	
66.85	-44.07	11.79	
91.41	20.07	11.79	
186.87	-24.17	11.78	
78.62	30.89	11.77	
111.01	53.07	11.77	
131.74	39.03	11.76	
345.15	47.48	11.76	
137.53	15.15	11.76	
153.87	29.94	11.76	
147.72	35.13	11.76	
323.03	-50.05	11.74	
38.00	-0.10	11.74	
118.54	-19.45	11.74	
101.29	11.30	11.74	
330.96	-77.74	11.73	
212.53	-15.05	11.73	
301.72	12.14	11.72	
84.87	7.34	11.71	
204.27	48.48	11.71	
220.63	12.56	11.70	
159.99	1.43	11.69	
312.69	-12.59	11.69	
133.56	26.03	11.69	
77.16	-35.13	11.69	
130.20	15.95	11.68	
44.98	3.48	11.68	
89.55	18.02	11.68	
186.27	36.18	11.68	
352.62	32.00	11.66	
228.16	-74.75	11.66	
166.39	62.74	11.66	
256.11	-44.66	11.66	
329.71	42.11	11.66	
124.29	44.78	11.65	
253.71	-40.33	11.64	
239.47	-48.12	11.64	
126.19	18.91	11.64	
156.77	-42.52	11.64	
349.07	-33.59	11.63	
181.85	36.00	11.63	
290.88	-33.54	11.63	
66.12	-48.18	11.62	
32.35	-22.67	11.62	
136.12	-8.29	11.61	
62.91	29.12	11.61	
319.00	48.85	11.61	
224.18	-16.15	11.61	
158.36	28.97	11.61	
138.60	-21.96	11.61	
74.82	9.64	11.60	
265.50	65.65	11.60	
197.94	39.78	11.60	
220.44	31.88	11.60	
174.64	34.61	11.60	
192.19	-58.60	11.59	
130.16	56.96	11.58	
149.36	-20.99	11.57	
125.91	12.61	11.57	
122.94	41.32	11.57	
96.73	-66.62	11.56	
317.39	22.36	11.56	
34.71	76.05	11.55	
202.66	-34.08	11.55	
330.09	-20.54	11.54	
60.34	29.62	11.54	
166.87	-2.99	11.54	
148.72	64.25	11.54	
192.76	24.82	11.54	
124.72	8.03	11.53	
308.42	-1.84	11.52	
115.08	-5.00	11.52	
139.85	13.13	11.52	
185.36	35.51	11.51	
201.20	-85.47	11.50	
326.36	-32.58	11.50	
159.99	-19.88	11.50	
329.10	12.98	11.48	
293.78	52.07	11.48	
236.02	74.30	11.47	
135.00	-20.55	11.47	
105.92	52.04	11.46	
198.18	37.93	11.46	
309.58	50.74	11.45	
326.24	-2.29	11.45	
329.30	46.64	11.45	
315.42	22.39	11.44	
316.59	-16.04	11.44	
102.64	-26.27	11.44	
306.76	-12.41	11.44	
67.14	44.21	11.44	
45.45	78.79	11.44	
348.08	31.11	11.43	
126.62	-44.51	11.43	
244.46	-36.76	11.43	
136.94	-0.09	11.43	
341.06	-9.17	11.42	
328.75	-24.90	11.42	
38.89	-81.29	11.41	
230.98	-8.67	11.40	
347.60	-5.12	11.40	
32.93	65.38	11.39	
247.16	-11.77	11.39	
227.56	-52.87	11.38	
79.96	-13.66	11.37	
67.73	-12.28	11.37	
232.82	13.66	11.37	
321.22	-8.90	11.37	
161.32	38.61	11.36	
103.93	14.33	11.36	
348.36	-58.53	11.36	
57.23	-38.99	11.36	
187.50	-36.95	11.36	
317.35	-13.10	11.35	
349.85	-4.67	11.35	
109.77	16.07	11.35	
10.45	49.28	11.34	
98.55	-17.83	11.34	
331.24	28.36	11.34	
351.58	65.55	11.33	
214.76	-4.15	11.33	
35.58	25.98	11.32	
315.50	61.20	11.32	
175.12	-62.53	11.31	
346.41	-42.50	11.31	
121.95	26.53	11.31	
331.55	-30.94	11.30	
58.11	-22.36	11.30	
295.05	-35.34	11.29	
118.60	-46.45	11.29	
296.61	-13.89	11.29	
47.05	17.89	11.28	
17.41	-8.43	11.28	
49.43	-41.86	11.28	
212.02	-41.39	11.27	
38.04	46.23	11.27	
167.88	-27.25	11.25	
1.74	46.34	11.25	
310.88	33.52	11.25	
152.43	-2.95	11.24	
233.40	-42.17	11.24	
238.95	-43.55	11.24	
262.40	15.98	11.23	
127.67	-19.38	11.23	
179.52	79.59	11.23	
204.75	-17.88	11.23	
146.80	44.87	11.23	
339.27	50.91	11.22	
224.35	56.01	11.22	
312.36	30.96	11.21	
217.40	-40.19	11.21	
220.81	-4.52	11.21	
318.73	-25.04	11.21	
121.85	51.38	11.20	
104.87	-6.80	11.19	
136.99	18.06	11.19	
264.20	-10.38	11.19	
322.06	25.50	11.19	
330.02	-52.49	11.18	
144.50	21.07	11.18	
203.31	-5.30	11.17	
9.02	36.11	11.16	
145.23	41.79	11.15	
157.54	-12.55	11.15	
111.99	29.86	11.15	
241.52	-30.26	11.14	
201.35	-6.10	11.14	
159.20	-18.83	11.13	
335.51	-43.44	11.13	
218.76	55.95	11.13	
178.56	-34.28	11.13	
48.21	-6.83	11.13	
3.67	54.07	11.12	
182.60	27.99	11.11	
324.90	-40.28	11.10	
319.94	20.95	11.10	
106.69	-78.42	11.10	
118.72	-65.48	11.10	
112.89	12.80	11.09	
3.15	59.42	11.09	
358.66	-39.89	11.09	
128.61	7.20	11.09	
211.13	-52.30	11.09	
106.53	26.22	11.09	
239.81	20.07	11.09	
354.06	61.09	11.08	
319.03	-11.68	11.08	
186.28	-16.25	11.08	
344.64	-38.53	11.07	
116.74	20.44	11.06	
59.29	39.28	11.05	
297.49	64.98	11.05	
191.63	-41.47	11.03	
271.72	-73.62	11.02	
147.48	1.00	11.01	
162.84	46.31	11.01	
244.09	16.38	11.00	
233.23	43.18	11.00	
174.06	-6.83	10.99	
318.26	-18.67	10.99	
196.59	-4.58	10.99	
214.07	-47.41	10.99	
339.49	-59.46	10.99	
24.74	-56.94	10.98	
287.48	-21.59	10.98	
167.74	-82.78	10.98	
238.74	-21.63	10.97	
141.27	44.06	10.97	
78.10	7.04	10.97	
315.89	44.48	10.97	
4.13	48.56	10.96	
258.69	-20.63	10.96	
120.06	-18.84	10.96	
120.49	71.17	10.96	
98.79	-6.77	10.95	
172.28	-26.31	10.95	
31.14	-19.00	10.95	
332.53	54.29	10.94	
106.29	-56.70	10.94	
218.56	-28.50	10.94	
28.22	77.24	10.94	
9.61	53.22	10.93	
214.42	-29.22	10.93	
263.78	-32.63	10.93	
176.58	84.77	10.93	
177.50	-30.77	10.93	
37.84	-48.50	10.93	
214.86	-49.95	10.92	
41.18	42.62	10.92	
238.67	-15.63	10.92	
348.83	50.47	10.91	
228.63	1.06	10.91	
188.57	-49.59	10.91	
11.27	-18.14	10.91	
143.78	50.77	10.91	
94.49	27.53	10.91	
325.51	63.04	10.91	
184.18	23.39	10.90	
314.58	-23.95	10.90	
269.93	-30.15	10.89	
321.53	44.19	10.87	
241.54	12.96	10.87	
215.76	-47.25	10.87	
59.19	-18.51	10.86	
323.41	37.07	10.86	
323.76	53.32	10.85	
150.44	5.24	10.85	
244.34	74.44	10.85	
56.17	36.02	10.84	
247.26	-54.43	10.84	
198.59	-59.63	10.84	
123.10	70.16	10.84	
45.24	-24.73	10.84	
281.33	43.47	10.83	
79.65	-61.47	10.83	
240.02	17.99	10.83	
294.92	62.92	10.83	
137.41	-0.25	10.82	
262.62	71.79	10.81	
0.14	-64.93	10.81	
121.35	24.99	10.81	
304.32	-37.88	10.80	
54.47	-19.65	10.80	
355.82	65.56	10.80	
195.59	-11.75	10.79	
151.69	18.78	10.79	
53.55	48.24	10.79	
233.34	16.67	10.78	
13.11	-65.00	10.78	
121.11	0.39	10.78	
151.40	-59.84	10.78	
293.88	58.95	10.78	
74.14	29.56	10.77	
336.51	50.85	10.77	
210.94	-0.82	10.77	
1.80	77.57	10.77	
53.11	87.78	10.75	
108.53	11.46	10.75	
68.74	-81.38	10.74	
0.69	44.39	10.74	
237.58	34.02	10.73	
83.66	4.62	10.73	
10.82	86.38	10.72	
229.98	-33.21	10.71	
274.36	-49.19	10.70	
271.12	-26.32	10.70	
201.83	18.39	10.70	
316.29	-8.71	10.69	
359.05	56.41	10.67	
214.17	73.67	10.67	
3.13	34.34	10.66	
171.40	-6.68	10.65	
282.30	-47.32	10.64	
353.60	-45.44	10.63	
302.31	-79.05	10.63	
311.39	-11.38	10.63	
134.25	-1.25	10.63	
346.14	-29.05	10.63	
49.55	-27.47	10.63	
180.37	37.73	10.63	
298.81	-45.26	10.62	
11.37	44.59	10.62	
297.72	47.94	10.62	
258.04	-40.05	10.61	
354.79	36.83	10.61	
302.70	85.86	10.60	
243.19	34.34	10.60	
197.80	-9.88	10.60	
125.29	23.49	10.60	
63.74	-47.81	10.59	
100.77	74.18	10.59	
255.17	-3.80	10.58	
65.93	-1.20	10.58	
333.04	28.90	10.57	
323.34	76.94	10.57	
217.93	-11.84	10.57	
168.77	-2.01	10.57	
100.77	29.18	10.57	
239.30	-17.08	10.57	
125.86	-22.89	10.56	
125.68	9.89	10.56	
155.04	30.95	10.55	
337.86	31.94	10.55	
192.53	-39.89	10.55	
250.54	30.28	10.55	
185.01	17.82	10.54	
318.11	64.48	10.54	
311.61	13.96	10.54	
334.91	52.31	10.54	
154.43	46.36	10.54	
31.74	7.21	10.54	
198.46	12.49	10.53	
170.73	-3.18	10.52	
168.55	-13.36	10.52	
105.00	23.12	10.51	
4.94	33.60	10.51	
102.51	-8.88	10.51	
263.88	63.56	10.50	
233.86	36.68	10.50	
178.72	52.05	10.49	
122.39	0.37	10.49	
181.67	23.78	10.48	
13.38	44.46	10.48	
304.86	-4.66	10.48	
134.76	-60.15	10.46	
307.07	54.00	10.44	
300.18	-37.55	10.43	
162.77	4.41	10.42	
281.96	-37.60	10.42	
197.25	20.00	10.42	
132.03	45.67	10.41	
276.28	-48.20	10.41	
213.34	-43.18	10.40	
328.87	-35.94	10.39	
214.83	1.81	10.39	
17.19	-4.29	10.38	
129.24	8.62	10.38	
133.16	-13.31	10.38	
209.61	3.34	10.38	
125.16	-29.02	10.38	
327.40	34.69	10.37	
119.82	24.17	10.36	
94.29	-20.80	10.36	
124.60	25.33	10.35	
240.53	-42.30	10.35	
320.94	-15.71	10.34	
200.69	-41.94	10.34	
331.47	86.12	10.34	
29.24	-19.89	10.34	
292.98	44.57	10.33	
8.08	55.63	10.33	
277.94	-55.06	10.33	
319.97	47.85	10.32	
348.29	77.72	10.32	
236.27	73.18	10.32	
89.08	23.58	10.32	
342.37	-34.32	10.31	
311.10	-37.38	10.31	
99.95	-15.79	10.30	
183.57	-7.27	10.30	
313.18	60.71	10.29	
269.09	-25.25	10.29	
325.98	-28.51	10.29	
284.70	-10.60	10.29	
137.58	-53.18	10.29	
173.23	-52.91	10.28	
12.06	-46.12	10.28	
41.57	-18.75	10.28	
209.19	72.28	10.27	
187.82	-37.51	10.27	
359.30	43.56	10.27	
341.73	-26.55	10.27	
139.19	57.84	10.26	
356.05	84.83	10.26	
17.65	52.74	10.26	
286.15	44.90	10.26	
180.79	12.04	10.26	
308.30	22.15	10.26	
138.45	20.07	10.25	
249.97	-37.11	10.25	
164.23	-48.99	10.25	
245.91	-44.71	10.24	
123.50	20.43	10.23	
123.68	28.90	10.23	
61.17	86.81	10.22	
272.95	-24.21	10.22	
125.42	16.79	10.22	
218.23	-7.75	10.22	
166.55	35.29	10.21	
12.33	42.44	10.20	
299.85	68.03	10.20	
205.99	12.09	10.20	
321.64	31.88	10.19	
223.58	-38.57	10.19	
302.24	75.56	10.19	
328.53	42.61	10.18	
340.52	50.44	10.18	
337.57	43.05	10.16	
240.88	59.38	10.16	
351.52	38.31	10.16	
130.24	50.72	10.16	
51.05	12.94	10.16	
81.59	30.80	10.14	
116.56	24.57	10.13	
296.15	-63.97	10.11	
96.00	58.32	10.11	
318.00	-22.91	10.11	
100.16	-1.26	10.10	
341.54	72.81	10.08	
59.01	-4.80	10.07	
126.41	-31.15	10.07	
299.12	75.53	10.06	
123.13	-16.16	10.06	
233.11	-48.92	10.05	
344.76	59.90	10.05	
136.93	-19.69	10.05	
312.22	64.48	10.05	
341.78	38.27	10.05	
39.36	14.73	10.05	
138.12	-6.42	10.05	
246.56	-40.07	10.05	
182.34	22.85	10.03	
158.34	2.78	10.03	
169.93	34.59	10.02	
255.49	-34.67	10.02	
80.56	21.68	10.02	
44.00	-6.23	10.01	
282.63	74.78	10.00	
54.10	25.02	10.00	